Wave   	Sample   	Dark     	Reference	Scope Corrected for Dark
[nm]   	[counts] 	[counts] 	[counts] 	[counts] 
				
173.88	-13.721	-33	0	19.27867
174.48	-77.074	-46	0	-31.07384
175.09	-15.139	-17	0	1.86113
175.69	40.015	9	0	31.01461
176.3	78.102	12	0	66.10176
176.9	-24.692	-29	0	4.30828
177.51	28.972	-4	0	32.9717
178.11	61.517	27	0	34.51705
178.72	-56.935	-75	0	18.06503
179.32	-41.036	-41	0	-0.0358
179.93	-37.848	-16	0	-21.84783
180.54	15.905	-23	0	38.90536
181.14	5.212	46	0	-40.78767
181.75	26.629	34	0	-7.37107
182.35	18.005	-62	0	80.00487
182.96	44.899	69	0	-24.10083
183.56	-61.119	-51	0	-10.11938
184.17	116.192	90	0	26.19153
184.77	3.95	-12	0	15.94959
185.38	-36.14	-8	0	-28.14018
185.98	43.705	-19	0	62.70502
186.59	-9.902	28	0	-37.9018
187.19	22.368	-46	0	68.36844
187.8	31.522	3	0	28.52192
188.4	28.233	-37	0	65.23313
189.01	21.716	-12	0	33.71608
189.61	-25.123	-25	0	-0.12294
190.21	-4.511	-74	0	69.48875
190.82	-77.003	-22	0	-55.00263
191.42	-30.108	-25	0	-5.10833
192.03	-3.385	25	0	-28.38475
192.63	-28.059	-45	0	16.94077
193.24	-4.504	16	0	-20.50375
193.84	5.725	-50	0	55.7245
194.45	4.863	-26	0	30.86337
195.05	-3.025	-30	0	26.97526
195.66	6.339	-8	0	14.33882
196.26	-25.508	23	0	-48.50769
196.87	-6.612	18	0	-24.61208
197.47	3.626	-52	0	55.62631
198.07	-23.298	-122	0	98.70239
198.68	16.271	-37	0	53.27117
199.28	1.478	-42	0	43.47769
199.89	-13.609	4	0	-17.60852
200.49	16.647	7	0	9.64711
201.1	32.261	16	0	16.26143
201.7	-16.906	46	0	-62.90574
202.31	-82.461	-50	0	-32.46084
202.91	-10.538	31	0	-41.53824
203.51	40.14	-5	0	45.1398
204.12	31.182	15	0	16.18178
204.72	68.899	34	0	34.89917
205.33	-45.472	-26	0	-19.47189
205.93	-44.29	-11	0	-33.29011
206.53	-44.788	-100	0	55.21233
207.14	-52.611	-51	0	-1.61076
207.74	-27.379	-34	0	6.62143
208.35	-52.418	-78	0	25.58208
208.95	30.456	3	0	27.45558
209.55	135.378	177	0	-41.62182
210.16	-26.407	-79	0	52.59314
210.76	-67.108	28	0	-95.10833
211.37	-30.887	-54	0	23.11281
211.97	23.827	-15	0	38.82665
212.57	5.857	-33	0	38.85719
213.18	-62.739	-66	0	3.26143
213.78	-22.446	-21	0	-1.44622
214.38	102.511	102	0	0.51086
214.99	-30.739	-9	0	-21.73857
215.59	-32.745	-53	0	20.25524
216.2	-48.408	-78	0	29.59182
216.8	-34.999	-39	0	4.00093
217.4	-14.418	0	0	-14.41792
218.01	3.127	-13	0	16.12743
218.61	-70.336	-50	0	-20.33565
219.21	-65.578	-44	0	-21.57759
219.82	128.179	59	0	69.17916
220.42	-0.031	-77	0	76.96907
221.02	-60.277	-40	0	-20.27681
221.63	-44.095	-46	0	1.90497
222.23	-43.756	-91	0	47.24418
222.83	-61.064	-45	0	-16.0641
223.44	-35.472	-82	0	46.52811
224.04	13.794	-39	0	52.7944
224.64	-49.596	-60	0	10.40385
225.25	-7.954	14	0	-21.95353
225.85	7.075	-50	0	57.07477
226.45	-16.778	-12	0	-4.77793
227.06	83.328	77	0	6.32777
227.66	86.268	79	0	7.26761
228.26	23.797	-12	0	35.79703
228.87	-29.314	-34	0	4.68646
229.47	80.637	37	0	43.63736
230.07	-20.678	-24	0	3.32158
230.68	89.937	88	0	1.93722
231.28	-50.143	-7	0	-43.14281
231.88	61.554	108	0	-46.44622
232.48	37.418	8	0	29.41754
233.09	15.876	7	0	8.87574
233.69	-75.197	-79	0	3.80322
234.29	62.936	37	0	25.9359
234.9	-16.999	35	0	-51.99907
235.5	-10.405	-67	0	56.59538
236.1	15.102	-81	0	96.10176
236.7	-16.656	21	0	-37.6563
237.31	-69.32	-38	0	-31.31972
237.91	-21.054	4	0	-25.05436
238.51	-46.18	-64	0	17.82046
239.11	10.613	-52	0	62.61301
239.72	-76.983	-64	0	-12.98314
240.32	-48.499	-82	0	33.50112
240.92	10.311	25	0	-14.68948
241.53	24.05	21	0	3.05003
242.13	63.096	29	0	34.09557
242.73	-17.821	13	0	-30.82084
243.33	9.397	-48	0	57.39674
243.93	-9.088	-41	0	31.91247
244.54	-81.363	-46	0	-35.36264
245.14	-47.86	-35	0	-12.8602
245.74	26.156	44	0	-17.84427
246.34	-27.325	-11	0	-16.32459
246.95	-126.397	-79	0	-47.39712
247.55	-43.38	-76	0	32.62012
248.15	-35.934	-58	0	22.06596
248.75	-30.578	11	0	-41.57759
249.36	38.143	-60	0	98.14336
249.96	-64.069	-23	0	-41.06897
250.56	-13.38	-15	0	1.62012
251.16	5.091	-40	0	45.0907
251.76	-11.103	3	0	-14.10346
252.37	-23.312	35	0	-58.31222
252.97	8.14	-12	0	20.1398
253.57	-61.363	-13	0	-48.36264
254.17	-4.209	45	0	-49.20915
254.77	-7.423	0	0	-7.42279
255.38	-95.253	-69	0	-26.25338
255.98	-1.946	-9	0	7.05397
256.58	63.599	43	0	20.59932
257.18	-48.794	-27	0	-21.79386
257.78	0.46	-35	0	35.46045
258.38	-34.418	-24	0	-10.41792
258.99	-43.671	-47	0	3.32908
259.59	10.069	-18	0	28.06858
260.19	-38.623	-38	0	-0.62313
260.79	13.554	37	0	-23.44622
261.39	75.769	113	0	-37.23127
261.99	-86.585	-51	0	-35.58509
262.6	-42.165	-68	0	25.83507
263.2	27.606	-102	0	129.60551
263.8	-29.785	-56	0	26.21457
264.4	-71.236	-95	0	23.76386
265	30.56	16	0	14.55996
265.6	-38.887	-19	0	-19.88719
266.2	-49.135	12	0	-61.13531
266.81	-36.042	-17	0	-19.04199
267.41	0.078	-8	0	8.07833
268.01	75.053	69	0	6.05266
268.61	-60.154	-82	0	21.84613
269.21	-6.441	-87	0	80.55865
269.81	-19.295	-9	0	-10.29498
270.41	3.659	13	0	-9.34052
271.01	6.465	-36	0	42.46532
271.62	-24.682	-24	0	-0.68198
272.22	-16.246	-78	0	61.75412
272.82	30.808	12	0	18.80809
273.42	47.996	18	0	29.99606
274.02	-32.976	-53	0	20.02436
274.62	-87.204	-69	0	-18.20428
275.22	-51.091	-62	0	10.90892
275.82	-5.043	-49	0	43.9567
276.42	-48.877	-64	0	15.12256
277.02	-108.014	-101	0	-7.01369
277.63	-54.513	52	0	-106.51256
278.23	-36.468	-42	0	5.53166
278.83	-57.253	8	0	-65.25338
279.43	109.99	63	0	46.98987
280.03	-13.156	-18	0	4.84389
280.63	-51.993	-65	0	13.00711
281.23	56.228	52	0	4.22825
281.83	-9.061	-33	0	23.93946
282.43	2257.963	2084	0	173.96289
283.03	56.836	68	0	-11.16361
283.63	-58.424	-34	0	-24.42411
284.23	-2.342	-37	0	34.65816
284.83	-4.475	-4	0	-0.47452
285.43	62.77	1	0	61.77005
286.03	-1.096	-55	0	53.90404
286.63	-22.457	-42	0	19.54272
287.23	10.682	-76	0	86.68159
287.84	-87.356	-33	0	-54.35645
288.44	2.179	-43	0	45.17916
289.04	-62.616	-58	0	-4.61563
289.64	-19.766	-20	0	0.23444
290.24	-26.825	-7	0	-19.82479
290.84	-31.382	-64	0	32.61788
291.44	19.606	26	0	-6.39449
292.04	-44.234	0	0	-44.23351
292.64	81.588	-17	0	98.58826
293.24	39.738	17	0	22.73819
293.84	-7.701	-109	0	101.29947
294.44	54.598	-20	0	74.59801
295.04	-57.445	-59	0	1.55509
295.64	-32.621	-60	0	27.37949
296.24	-23.731	-40	0	16.26893
296.84	-30.616	-14	0	-16.61563
297.44	-31.462	-85	0	53.53785
298.04	-28.327	-43	0	14.67316
298.64	-43.919	-65	0	21.08096
299.24	-45.181	-15	0	-30.18085
299.84	-0.941	10	0	-10.94116
300.44	-24.655	-38	0	13.34501
301.04	-81.813	-16	0	-65.81335
301.64	-31.557	-26	0	-5.55679
302.24	-19.573	-62	0	42.42728
302.83	-7.526	-40	0	32.47414
303.43	-24.225	-30	0	5.77492
304.03	-38.773	-97	0	58.22694
304.63	-17.025	-10	0	-7.02474
305.23	-54.622	-22	0	-32.62182
305.83	-62.13	-109	0	46.86956
306.43	-63.23	-82	0	18.77005
307.03	-28.347	7	0	-35.34671
307.63	-22.075	12	0	-34.07516
308.23	10.93	62	0	-51.07028
308.83	-47.59	-12	0	-35.58996
309.43	-65.271	-8	0	-57.27062
310.03	-12.647	-64	0	51.35344
310.63	3.647	-45	0	48.64711
311.23	-100.846	8	0	-108.84559
311.83	-6.318	-15	0	8.68159
312.43	-44.649	13	0	-57.6488
313.02	3.123	5	0	-1.87744
313.62	-19.732	-58	0	38.26761
314.22	-25.584	-13	0	-12.58378
314.82	109.946	61	0	48.94564
315.42	24.475	36	0	-11.52493
316.02	-33.264	-7	0	-26.26444
316.62	-13.73	-24	0	10.26985
317.22	30.199	-92	0	122.19864
317.82	10.039	-50	0	60.03897
318.42	263.223	249	0	14.22338
319.01	-33.193	-62	0	28.80678
319.61	-29.846	1	0	-30.84559
320.21	-45.049	-35	0	-10.04948
320.81	30.656	-28	0	58.65553
321.41	54.87	44	0	10.86956
322.01	-62.154	-88	0	25.84613
322.61	14.706	-28	0	42.70595
323.21	42.42	-89	0	131.41978
323.8	-35.215	-97	0	61.78466
324.4	4.45	-59	0	63.45032
325	-38.67	-107	0	68.33001
325.6	-20.438	-35	0	14.56221
326.2	-8.443	-35	0	26.55734
326.8	-54.836	-100	0	45.16416
327.4	40.897	-32	0	72.89747
327.99	82.89	-29	0	111.88997
328.59	-7.818	-38	0	30.18233
329.19	411.435	305	0	106.43532
329.79	-46.244	19	0	-65.24402
330.39	116.695	73	0	43.69451
330.99	-95.299	5	0	-100.29931
331.58	-40.953	-52	0	11.04701
332.18	-14.408	-58	0	43.59237
332.78	52.907	34	0	18.90683
333.38	69.154	66	0	3.15364
333.98	-62.166	-73	0	10.8343
334.57	23.574	-5	0	28.57381
335.17	7.055	-62	0	69.05544
335.77	20.261	28	0	-7.73934
336.37	116.74	122	0	-5.26034
336.97	-24.65	-45	0	20.35043
337.56	-24.899	-84	0	59.10099
338.16	72.14	-12	0	84.14034
338.76	55.552	17	0	38.55208
339.36	61.418	-66	0	127.41808
339.96	33.402	26	0	7.40215
340.55	12.656	11	0	1.65646
341.15	49.336	-31	0	80.33581
341.75	68.693	58	0	10.69319
342.35	-81.462	-92	0	10.53839
342.94	67.143	74	0	-6.85741
343.54	8.156	6	0	2.15627
344.14	-29.264	-74	0	44.7361
344.74	62.901	-4	0	66.90065
345.33	7.986	25	0	-17.01445
345.93	30.074	-4	0	34.074
346.53	-36.538	-50	0	13.46231
347.13	27.434	-44	0	71.43401
347.72	-53.651	-39	0	-14.65089
348.32	67.954	-35	0	102.95369
348.92	32.649	17	0	15.64896
349.52	42.974	-58	0	100.97449
350.11	95.643	81	0	14.64278
350.71	29.622	-35	0	64.62198
351.31	60.584	-22	0	82.58394
351.91	-29.648	-95	0	65.35174
352.5	24.053	-34	0	58.0532
353.1	85.5	-9	0	94.50035
353.7	61.585	-52	0	113.58525
354.29	406.235	362	0	44.23498
354.89	13.592	-56	0	69.59237
355.49	39.01	-92	0	131.01029
356.09	78.388	13	0	65.38847
356.68	-18.814	-59	0	40.18588
357.28	-23.027	-46	0	22.97317
357.88	-65.485	-53	0	-12.48503
358.47	-41.086	-81	0	39.91433
359.07	78.208	51	0	27.208
359.67	23.777	-42	0	65.77678
360.26	29.478	-26	0	55.47824
360.86	-5.202	-7	0	1.79758
361.46	51.099	6	0	45.09874
362.05	18.897	1	0	17.89709
362.65	68.822	-40	0	108.82232
363.25	-33.211	-50	0	16.78915
363.84	-33.968	-1	0	-32.9676
364.44	52.606	0	0	52.60605
365.04	-19.659	-21	0	1.34068
365.63	-14.095	-71	0	56.90459
366.23	52.143	-16	0	68.14297
366.83	18.938	-53	0	71.93776
367.42	37.914	-95	0	132.91433
368.02	4.816	-107	0	111.81613
368.62	78.494	33	0	45.49417
369.21	129.848	3	0	126.84799
369.81	317.323	192	0	125.32344
370.41	25.454	-42	0	67.45388
371	1.382	-23	0	24.38228
371.6	33.278	-24	0	57.2779
372.19	56.456	-20	0	76.45612
372.79	7.453	-29	0	36.45257
373.39	99.137	2	0	97.13678
373.98	70.505	-16	0	86.50522
374.58	117.263	37	0	80.26328
375.17	111.089	-37	0	148.08862
375.77	194.384	34	0	160.3836
376.37	51.041	-56	0	107.04083
376.96	105.428	-3	0	108.42782
377.56	174.65	-8	0	182.65028
378.15	115.142	-24	0	139.14166
378.75	104.284	-24	0	128.28408
379.35	128.771	-23	0	151.77059
379.94	138.599	-18	0	156.59855
380.54	112.747	-33	0	145.74716
381.13	119.24	-35	0	154.23986
381.73	99.955	-63	0	162.955
382.32	128.437	-68	0	196.43664
382.92	136.682	-78	0	214.68213
383.52	134.131	-47	0	181.1306
384.11	102.594	-3	0	105.59368
384.71	81.637	4	0	77.63659
385.3	183.411	-25	0	208.41058
385.9	191.848	20	0	171.84799
386.49	139.024	-25	0	164.02359
387.09	228.183	48	0	180.18326
387.68	129.622	13	0	116.62198
388.28	108.423	-103	0	211.42295
388.87	406.265	171	0	235.2646
389.47	161.946	-41	0	202.94619
390.07	261.693	-11	0	272.69319
390.66	153.374	-38	0	191.37385
391.26	181.61	-43	0	224.60961
391.85	214.428	-41	0	255.42782
392.45	189.941	-16	0	205.94132
393.04	184.203	-6	0	190.20313
393.64	154.252	-90	0	244.25223
394.23	278.881	-6	0	284.88116
394.83	221.263	-38	0	259.26328
395.42	209.398	9	0	200.39821
396.02	309.838	4	0	305.83825
396.61	215.393	-70	0	285.39334
397.21	305.737	12	0	293.73742
397.8	11643.29	10838	0	805.29027
398.4	358.804	49	0	309.80376
398.99	312.914	-25	0	337.91433
399.59	338.068	6	0	332.06781
400.18	308.202	-27	0	335.20181
400.78	336.534	-36	0	372.53352
401.37	338.121	-24	0	362.12086
401.96	274.052	-38	0	312.05189
402.56	339.522	-72	0	411.52247
403.15	419.29	-21	0	440.29027
403.75	391.126	51	0	340.12573
404.34	453.295	-3	0	456.29514
404.94	288.771	-60	0	348.77059
405.53	396.764	-133	0	529.7644
406.13	501.322	-27	0	528.32213
406.72	399.623	-42	0	441.62329
407.32	445.87	-46	0	491.8701
407.91	511.545	-31	0	542.54458
408.5	441.895	-49	0	490.89484
409.1	544.567	-61	0	605.56669
409.69	504.336	36	0	468.33581
410.29	525.86	-50	0	575.86036
410.88	495.721	-26	0	521.72149
411.47	502.037	-70	0	572.03727
412.07	568.982	-45	0	613.98199
412.66	657.827	-15	0	672.82719
413.26	627.867	-70	0	697.86655
413.85	621.231	-76	0	697.23143
414.45	827.887	114	0	713.88735
415.04	577.032	-72	0	649.0324
415.63	723.865	24	0	699.86523
416.23	683.821	-50	0	733.821
416.82	792.124	-35	0	827.12441
417.41	790.193	-4	0	794.19338
418.01	737.33	-43	0	780.32963
418.6	723.936	-105	0	828.93645
419.2	819.093	6	0	813.09256
419.79	746.209	-5	0	751.20931
420.38	758.446	-41	0	799.44638
420.98	750.265	-81	0	831.2646
421.57	738.706	-67	0	805.70556
422.16	851.392	-32	0	883.39241
422.76	847.591	-65	0	912.59143
423.35	825.568	-70	0	895.56801
423.94	1027.171	79	0	948.17127
424.54	948.034	-5	0	953.03372
425.13	1000.086	53	0	947.08637
425.73	987.541	14	0	973.54102
426.32	919.413	-36	0	955.41321
426.91	1083.233	-4	0	1087.23274
427.51	1037.084	121	0	916.08413
428.1	1092.459	51	0	1041.45875
428.69	1045.304	-28	0	1073.30395
429.28	1072.197	-59	0	1131.19694
429.88	1100.855	-39	0	1139.85549
430.47	1147.963	-3	0	1150.9625
431.06	1201.415	15	0	1186.41452
431.66	1198.233	-27	0	1225.23274
432.25	1195.437	-82	0	1277.43664
432.84	1132.571	-63	0	1195.57063
433.44	1354.568	-6	0	1360.56801
434.03	1291.438	-76	0	1367.43795
434.62	1252.569	36	0	1216.56932
435.22	1430.981	40	0	1390.98106
435.81	1383.299	-6	0	1389.29908
436.4	1404.212	-40	0	1444.21194
436.99	1430.614	-61	0	1491.61355
437.59	1472.332	-33	0	1505.33225
438.18	1548.847	-5	0	1553.84706
438.77	1483.223	-102	0	1585.223
439.36	1456.757	-83	0	1539.75729
439.96	1590.727	118	0	1472.72675
440.55	1560.94	-89	0	1649.94039
441.14	1565.112	6	0	1559.11243
441.73	1549.468	80	0	1469.4685
442.33	1590.961	-9	0	1599.96119
442.92	1710.052	76	0	1634.05227
443.51	1609.885	16	0	1593.8851
444.1	1676.934	52	0	1624.9342
444.7	1642.218	-33	0	1675.21813
445.29	1693.016	-23	0	1716.01647
445.88	1769.388	-3	0	1772.38754
446.47	1767.251	41	0	1726.2513
447.07	1692.599	-17	0	1709.59894
447.66	1718.934	63	0	1655.9342
448.25	1865.836	11	0	1854.836
448.84	1815.416	38	0	1777.41584
449.43	1918.098	-7	0	1925.09781
450.03	1894.966	71	0	1823.96606
450.62	1968.569	-20	0	1988.56932
451.21	1948.762	35	0	1913.76216
451.8	2109.637	118	0	1991.63698
452.39	1988.643	-20	0	2008.64316
452.99	1957.76	6	0	1951.75992
453.58	2047.351	13	0	2034.35081
454.17	2042.204	-8	0	2050.20351
454.76	2214.855	46	0	2168.85456
455.35	2359.594	79	0	2280.59406
455.95	2210.681	-38	0	2248.68121
456.54	2289.943	-59	0	2348.94302
457.13	2388.046	9	0	2379.04609
457.72	2375.872	-46	0	2421.8718
458.31	2423.33	-63	0	2486.33001
458.9	2604.599	84	0	2520.59894
459.5	2679.991	-32	0	2711.9908
460.09	2625.062	-27	0	2652.06201
460.68	2522.119	-60	0	2582.11861
461.27	2722.61	-31	0	2753.60999
461.86	2650.893	-21	0	2671.8926
462.45	2832.393	-15	0	2847.3928
463.04	2812.289	-58	0	2870.28934
463.64	2965.845	23	0	2942.84482
464.23	2964.809	12	0	2952.80902
464.82	2927.18	46	0	2881.18008
465.41	3034.503	-64	0	3098.50336
466	3128.246	-58	0	3186.24643
466.59	3046.652	-69	0	3115.65198
467.18	3124.568	-23	0	3147.56839
467.77	3043.954	-52	0	3095.95407
468.37	3174.654	-55	0	3229.65422
468.96	3360.61	-18	0	3378.60999
469.55	3371.003	10	0	3361.00317
470.14	3271.776	-112	0	3383.77585
470.73	3450.471	-19	0	3469.47112
471.32	3482.888	-10	0	3492.88773
471.91	3413.64	-58	0	3471.63961
472.5	3504.04	-38	0	3542.0399
473.09	3529.696	-33	0	3562.69621
473.68	3811.659	48	0	3763.65909
474.27	3753.033	-48	0	3801.03279
474.86	3760.39	-32	0	3792.39017
475.46	3946.916	-48	0	3994.91603
476.05	4194.817	53	0	4141.81652
476.64	3992.314	-33	0	4025.31408
477.23	4033.954	-57	0	4090.95407
477.82	4070.872	-11	0	4081.8718
478.41	4189.96	-55	0	4244.96026
479	4418.998	-29	0	4447.9983
479.59	4228.24	-43	0	4271.24024
480.18	4598.978	20	0	4578.9775
480.77	4578.845	-90	0	4668.84482
481.36	4751.922	-27	0	4778.92222
481.95	4887.722	-15	0	4902.72188
482.54	5020.389	-65	0	5085.38885
483.13	5006.468	-49	0	5055.46757
483.72	5078.575	-90	0	5168.57458
484.31	5166.071	-68	0	5234.07083
484.9	5381.425	-57	0	5438.42465
485.49	5420.001	-55	0	5475.00093
486.08	5571.409	-68	0	5639.40872
486.67	5829.238	30	0	5799.238
487.26	5771.028	-49	0	5820.02791
487.85	5883.259	-51	0	5934.2588
488.44	6067.501	-63	0	6130.50074
489.03	6275.044	-15	0	6290.04384
489.62	6150.161	-58	0	6208.1606
490.21	6303.767	-101	0	6404.76742
490.8	6373.928	31	0	6342.9284
491.39	6387.734	-76	0	6463.73425
491.98	6484.586	43	0	6441.58564
492.57	6886.521	66	0	6820.52061
493.16	6777.352	-30	0	6807.35212
493.75	6918.551	-45	0	6963.55115
494.34	6928.226	11	0	6917.22563
494.93	6916.769	-35	0	6951.76873
495.52	7147.341	-56	0	7203.34107
496.11	7051.717	-64	0	7115.717
496.7	7164.986	-16	0	7180.98593
497.29	7174.971	-15	0	7189.97132
497.88	7263.867	11	0	7252.86693
498.47	7544.121	47	0	7497.12124
499.06	7713.385	57	0	7656.3853
499.64	7370.53	-9	0	7379.53035
500.23	7576.148	33	0	7543.14823
500.82	7480.513	-15	0	7495.51311
501.41	7552.423	66	0	7486.42334
502	7631.507	-28	0	7659.50692
502.59	7767.767	24	0	7743.76742
503.18	7673.347	-20	0	7693.34725
503.77	7668.391	41	0	7627.39148
504.36	7790.966	2	0	7788.96644
504.95	7896.613	-17	0	7913.61262
505.54	7758.049	31	0	7727.04871
506.12	7921.425	195	0	7726.42465
506.71	7923.447	38	0	7885.44677
507.3	7864.937	104	0	7760.93683
507.89	8047.003	31	0	8016.00317
508.48	8096.287	76	0	8020.2871
509.07	8061.864	53	0	8008.8643
509.66	8025.552	94	0	7931.55246
510.25	8128.18	33	0	8095.18008
510.84	8276.441	78	0	8198.44058
511.42	8430.314	15	0	8415.31408
512.01	8337.98	199	0	8138.98013
512.6	8584.651	102	0	8482.65066
513.19	8618.352	133	0	8485.35212
513.78	8893.877	122	0	8771.87667
514.37	8788.597	162	0	8626.59669
514.95	8904.167	123	0	8781.16678
515.54	8945.845	118	0	8827.84482
516.13	8917.651	102	0	8815.65066
516.72	9043.342	180	0	8863.34238
517.31	8863.552	170	0	8693.55246
517.9	9087.05	74	0	9013.05003
518.48	8944.165	128	0	8816.16547
519.07	9588.12	176	0	9412.11993
519.66	9712.581	219	0	9493.58076
520.25	9428.928	104	0	9324.9284
520.84	9599.237	170	0	9429.23668
521.43	9634.293	191	0	9443.29328
522.01	9899.138	269	0	9630.13848
522.6	9873.955	202	0	9671.95539
523.19	9823.431	165	0	9658.43084
523.78	9916.137	220	0	9696.13717
524.37	10053.921	153	0	9900.9209
524.95	9975.725	181	0	9794.7245
525.54	10059.06	152	0	9907.05977
526.13	10475.646	141	0	10334.64579
526.72	10541.361	151	0	10390.36094
527.3	10500.338	121	0	10379.33751
527.89	10652.927	108	0	10544.92709
528.48	10828.669	133	0	10695.66922
529.07	10762.358	124	0	10638.35831
529.65	11054.366	240	0	10814.36581
530.24	11040.292	140	0	10900.29197
530.83	11248.034	69	0	11179.0341
531.42	10986.26	184	0	10802.26011
532	10950.188	159	0	10791.18758
532.59	11340.184	153	0	11187.18403
533.18	11372.051	113	0	11259.05134
533.77	11269.856	206	0	11063.85587
534.35	11438.094	155	0	11283.09426
534.94	11535.315	77	0	11458.3154
535.53	11398.427	109	0	11289.42728
536.12	11310.872	68	0	11242.8718
536.7	11249.847	98	0	11151.84745
537.29	11220.211	71	0	11149.21101
537.88	11676.277	103	0	11573.27735
538.46	11603.674	40	0	11563.67409
539.05	11679.399	43	0	11636.39898
539.64	11343.648	68	0	11275.64842
540.23	11555.537	108	0	11447.53654
540.81	11577.018	163	0	11414.01817
541.4	11351.314	45	0	11306.31408
541.99	11455.537	-1	0	11456.53654
542.57	11577.255	49	0	11528.25524
543.16	11444.342	39	0	11405.34238
543.75	11530.566	56	0	11474.56615
544.33	11659.145	44	0	11615.14467
544.92	11748.4	90	0	11658.40029
545.51	11824.813	86	0	11738.81296
546.09	11643.519	104	0	11539.51929
546.68	11948.818	103	0	11845.81783
547.27	12078.604	33	0	12045.60419
547.85	12135.908	42	0	12093.9076
548.44	12075.87	-18	0	12093.86956
549.03	12415.146	41	0	12374.14598
549.61	12337.552	8	0	12329.55246
550.2	12654.118	40	0	12614.11768
550.78	12388.713	70	0	12318.71345
551.37	12494.959	74	0	12420.95933
551.96	12618.356	59	0	12559.35607
552.54	12876.606	13	0	12863.60643
553.13	12714.984	-15	0	12729.98369
553.72	13071.211	-2	0	13073.21101
554.3	12874.782	56	0	12818.78242
554.89	13485.594	-13	0	13498.59445
555.47	13503.029	17	0	13486.02923
556.06	13589.404	76	0	13513.40385
556.65	13539.686	68	0	13471.68646
557.23	13714.388	47	0	13667.38792
557.82	13553.113	10	0	13543.11281
558.4	13643.996	-50	0	13693.99606
558.99	13827.805	5	0	13822.80546
559.58	13948.973	61	0	13887.97263
560.16	13734.06	-38	0	13772.05977
560.75	13984.353	34	0	13950.35344
561.33	14111.93	86	0	14025.92972
561.92	14334.873	2	0	14332.87312
562.5	14330.472	27	0	14303.47151
563.09	14485.322	-14	0	14499.32158
563.68	14369.797	-4	0	14373.79703
564.26	14683.736	14	0	14669.73556
564.85	14720.443	10	0	14710.44321
565.43	14684.537	-1	0	14685.53654
566.02	14794.001	-6	0	14800.00093
566.6	14946.759	-17	0	14963.75899
567.19	14755.481	-22	0	14777.48125
567.77	15167.296	-8	0	15175.29591
568.36	15082.655	18	0	15064.65461
568.94	15270.295	-28	0	15298.2946
569.53	15142.852	12	0	15130.85232
570.11	15413.572	-8	0	15421.57234
570.7	15091.317	-41	0	15132.31671
571.28	15297.624	-30	0	15327.62368
571.87	15505.561	-55	0	15560.56128
572.45	15531.091	23	0	15508.0907
573.04	15485.298	-31	0	15516.29815
573.62	15318.449	-35	0	15353.44939
574.21	15758.786	84	0	15674.78597
574.79	15838.181	12	0	15826.1814
575.38	15793.35	-88	0	15881.34988
575.96	15741.429	-28	0	15769.42859
576.55	15820.279	-45	0	15865.27867
577.13	15840.119	15	0	15825.119
577.72	15677.825	-31	0	15708.82533
578.3	15851.924	-37	0	15888.92353
578.89	15920.738	-59	0	15979.73819
579.47	16259.156	-15	0	16274.15573
580.06	15922.707	58	0	15864.70726
580.64	16321.516	-2	0	16323.51574
581.23	16357.449	-42	0	16399.44939
581.81	16191.366	142	0	16049.36581
582.39	16078.693	-47	0	16125.69265
582.98	16290.63	-50	0	16340.62986
583.56	16259.878	-2	0	16261.87799
584.15	16171.835	10	0	16161.83507
584.73	16289.11	12	0	16277.11019
585.32	16036.901	18	0	16018.90142
585.9	16174.221	154	0	16020.22075
586.48	16129.753	-22	0	16151.7528
587.07	16295.018	-12	0	16307.01817
587.65	16226.974	31	0	16195.97394
588.24	16209.626	-42	0	16251.62631
588.82	16023.195	-40	0	16063.19508
589.41	18268.069	1798	0	16470.06858
589.99	15930.415	-29	0	15959.41491
590.57	16268.064	-60	0	16328.06371
591.16	16187.116	94	0	16093.11637
591.74	15986.35	29	0	15957.34988
592.32	15763.279	18	0	15745.27867
592.91	15961.917	14	0	15947.91735
593.49	15839.411	-59	0	15898.41135
594.08	15833.636	-36	0	15869.63605
594.66	15819.201	-12	0	15831.20127
595.24	15804.588	-2	0	15806.58826
595.83	16054.487	-48	0	16102.48744
596.41	15904.28	-11	0	15915.27998
596.99	15983.688	49	0	15934.68778
597.58	15673.98	-5	0	15678.98013
598.16	15847.099	60	0	15787.09913
598.74	15996.637	41	0	15955.63736
599.33	15874.111	-18	0	15892.1115
599.91	15941.614	-61	0	16002.61393
600.49	16102.829	-31	0	16133.82889
601.08	16030.422	73	0	15957.42241
601.66	15888.201	-16	0	15904.20127
602.24	15673.975	-102	0	15775.97526
602.83	15971.798	-55	0	16026.79835
603.41	15966.312	-11	0	15977.31184
603.99	15995.49	-52	0	16047.48968
604.58	15688.56	-11	0	15699.55996
605.16	16072.333	-26	0	16098.33264
605.74	15857.35	-59	0	15916.34988
606.33	16013.936	-34	0	16047.9359
606.91	16089.503	-21	0	16110.50336
607.49	16174.288	-58	0	16232.28841
608.07	16072.522	-48	0	16120.52192
608.66	15971.925	-68	0	16039.92484
609.24	16134.168	16	0	16118.1681
609.82	16153.841	-69	0	16222.84126
610.41	15998.029	-58	0	16056.02923
610.99	16036.726	-97	0	16133.72582
611.57	15830.683	-33	0	15863.6829
612.15	15601.04	15	0	15586.04029
612.74	15465.727	74	0	15391.72713
613.32	15376.272	-30	0	15406.27248
613.9	15070.98	42	0	15028.98013
614.48	14858.476	-3	0	14861.47638
615.07	14898.243	-48	0	14946.24287
615.65	14627.501	-30	0	14657.50112
616.23	14478.306	-48	0	14526.30565
616.81	14376.148	-18	0	14394.14823
617.4	14433.804	-13	0	14446.80415
617.98	14798.637	-7	0	14805.63698
618.56	15492.944	0	0	15492.94433
619.14	16087.496	-47	0	16134.49587
619.72	15933.629	-76	0	16009.62855
620.31	16134.951	9	0	16125.95052
620.89	16325.299	-9	0	16334.29947
621.47	16497.868	-51	0	16548.86825
622.05	16093.377	-29	0	16122.37687
622.63	16363.619	-33	0	16396.61881
623.22	16446.754	-65	0	16511.75412
623.8	16779.221	7	0	16772.22075
624.38	16456.184	71	0	16385.18403
624.96	16223.63	-75	0	16298.62986
625.54	16779.282	-66	0	16845.28223
626.13	16486.312	-17	0	16503.31184
626.71	17034.233	218	0	16816.23313
627.29	16729.943	-33	0	16762.94302
627.87	16458.001	-49	0	16507.00093
628.45	16358.299	-64	0	16422.29947
629.03	16723.326	18	0	16705.32645
629.62	16232.072	-58	0	16290.07214
630.2	16272.415	-100	0	16372.41491
630.78	16527.919	-39	0	16566.91866
631.36	16246.834	-65	0	16311.83376
631.94	16457.217	-40	0	16497.2172
632.52	16202.046	-14	0	16216.04647
633.1	16312.878	-27	0	16339.87799
633.68	16385.564	-43	0	16428.56352
634.27	16178.183	-35	0	16213.18271
634.85	16248.243	-31	0	16279.24287
635.43	16127.611	-126	0	16253.61131
636.01	16285.322	-31	0	16316.32158
636.59	16231.713	-66	0	16297.71345
637.17	16320.964	-57	0	16377.96382
637.75	16272.546	-68	0	16340.54628
638.33	16037.259	-62	0	16099.2588
638.91	16021.154	-34	0	16055.15441
639.5	15777.257	-40	0	15817.25748
640.08	15866.804	-83	0	15949.80386
640.66	15739.824	-41	0	15780.82395
641.24	15872.844	46	0	15826.84404
641.82	15535.864	10	0	15525.86413
642.4	15623.884	-41	0	15664.88422
642.98	15550.904	-95	0	15645.90431
643.56	15659.924	-25	0	15684.9244
644.14	15655.944	-68	0	15723.94448
644.72	15535.965	-4	0	15539.96457
645.3	15544.985	-28	0	15572.98466
645.88	15369.005	-24	0	15393.00475
646.46	15403.025	-24	0	15427.02484
647.04	15196.045	-61	0	15257.04493
647.62	15451.065	47	0	15404.06502
648.2	15462.085	1	0	15461.0851
648.78	15502.105	11	0	15491.10519
649.36	15335.125	-47	0	15382.12528
649.94	15227.145	-112	0	15339.14537
650.52	15077.165	-65	0	15142.16546
651.11	14982.186	-47	0	15029.18555
651.69	14943.206	-41	0	14984.20564
652.27	15035.226	-11	0	15046.22573
652.85	15057.246	-45	0	15102.24581
653.43	14994.266	-24	0	15018.2659
654.01	14897.286	-58	0	14955.28599
654.59	15221.306	-52	0	15273.30608
655.17	15167.326	-14	0	15181.32617
655.74	15200.346	-58	0	15258.34626
656.32	15663.366	-67	0	15730.36634
656.9	15344.386	-24	0	15368.38643
657.48	15598.407	67	0	15531.40652
658.06	15785.427	-68	0	15853.42661
658.64	15898.447	-44	0	15942.4467
659.22	15891.467	-19	0	15910.46679
659.8	16036.487	-57	0	16093.48688
660.38	16244.507	-114	0	16358.50697
660.96	16204.527	-123	0	16327.52705
661.54	16786.547	-45	0	16831.54714
662.12	16697.567	-68	0	16765.56723
662.7	16825.587	-94	0	16919.58732
663.28	15716.607	-106	0	15822.60741
663.86	15135.627	-5	0	15140.6275
664.44	15249.648	-65	0	15314.64758
665.02	15020.668	-11	0	15031.66767
665.6	14748.688	-20	0	14768.68776
666.18	15031.708	-24	0	15055.70785
666.75	14667.728	73	0	14594.72794
667.33	14542.748	-44	0	14586.74803
667.91	14810.768	134	0	14676.76812
668.49	14811.788	21	0	14790.7882
669.07	14551.808	-27	0	14578.80829
669.65	14509.828	-49	0	14558.82838
670.23	14597.848	-75	0	14672.84847
670.81	14584.869	-18	0	14602.86856
671.39	14669.889	-128	0	14797.88865
671.97	14793.909	-47	0	14840.90874
672.54	15016.929	11	0	15005.92882
673.12	14746.949	-1	0	14747.94891
673.7	14890.969	-22	0	14912.969
674.28	14914.989	19	0	14895.98909
674.86	14779.009	-70	0	14849.00918
675.44	14694.029	-36	0	14730.02927
676.02	14774.049	3	0	14771.04936
676.59	15005.069	34	0	14971.06944
677.17	14686.09	1	0	14685.08953
677.75	15045.11	-62	0	15107.10962
678.33	14875.13	-83	0	14958.12971
678.91	14901.15	-44	0	14945.1498
679.49	14785.17	-14	0	14799.16989
680.06	15175.19	-71	0	15246.18998
680.64	15085.21	-38	0	15123.21006
681.22	14855.23	-21	0	14876.23015
681.8	15239.25	-83	0	15322.25024
682.38	14972.27	-44	0	15016.27033
682.96	15556.29	-10	0	15566.29042
683.53	15230.311	12	0	15218.31051
684.11	15142.331	9	0	15133.3306
684.69	15207.351	-121	0	15328.35068
685.27	15316.371	29	0	15287.37077
685.85	15130.391	-30	0	15160.39086
686.42	15291.411	-51	0	15342.41095
687	15275.431	-37	0	15312.43104
687.58	15256.451	-45	0	15301.45113
688.16	15028.471	-65	0	15093.47122
688.73	15109.491	-66	0	15175.4913
689.31	15147.511	-23	0	15170.51139
689.89	15054.531	-35	0	15089.53148
690.47	15032.552	34	0	14998.55157
691.04	14930.572	-65	0	14995.57166
691.62	14788.592	-42	0	14830.59175
692.2	14444.612	-92	0	14536.61184
692.78	14961.632	-33	0	14994.63192
693.35	14668.652	-6	0	14674.65201
693.93	14535.672	-44	0	14579.6721
694.51	14152.692	-94	0	14246.69219
695.09	14092.712	-77	0	14169.71228
695.66	14075.732	-89	0	14164.73237
696.24	14100.752	-118	0	14218.75246
696.82	14076.773	-107	0	14183.77254
697.39	14068.793	-92	0	14160.79263
697.97	13872.813	-15	0	13887.81272
698.55	13615.833	-44	0	13659.83281
699.13	13332.853	-84	0	13416.8529
699.7	13500.873	-95	0	13595.87299
700.28	13496.893	-67	0	13563.89308
700.86	13242.913	-75	0	13317.91316
701.43	13430.933	-49	0	13479.93325
702.01	13248.953	-51	0	13299.95334
702.59	13184.973	-48	0	13232.97343
703.16	12956.994	-107	0	13063.99352
703.74	12970.014	-48	0	13018.01361
704.32	12790.034	4	0	12786.0337
704.89	12955.054	-66	0	13021.05378
705.47	12469.074	-85	0	12554.07387
706.05	12563.094	-48	0	12611.09396
706.62	12529.114	-59	0	12588.11405
707.2	12174.134	-85	0	12259.13414
707.78	12440.154	-60	0	12500.15423
708.35	12181.174	-109	0	12290.17432
708.93	12388.194	-43	0	12431.1944
709.51	12091.214	-88	0	12179.21449
710.08	12095.235	-96	0	12191.23458
710.66	12183.255	-57	0	12240.25467
711.23	11989.275	-30	0	12019.27476
711.81	11879.295	-84	0	11963.29485
712.39	11936.315	-49	0	11985.31494
712.96	11788.335	-95	0	11883.33502
713.54	11730.355	-40	0	11770.35511
714.11	11693.375	-44	0	11737.3752
714.69	11588.395	-69	0	11657.39529
715.27	11769.415	-65	0	11834.41538
715.84	11606.435	-19	0	11625.43547
716.42	11620.456	-53	0	11673.45556
716.99	11639.476	-111	0	11750.47564
717.57	11245.496	-43	0	11288.49573
718.15	11373.516	-102	0	11475.51582
718.72	11232.536	-48	0	11280.53591
719.3	11194.556	-118	0	11312.556
719.87	11300.576	-42	0	11342.57609
720.45	11207.596	-107	0	11314.59618
721.02	11231.616	-88	0	11319.61626
721.6	10996.636	-75	0	11071.63635
722.17	11046.656	-60	0	11106.65644
722.75	11130.677	-92	0	11222.67653
723.33	10970.697	-104	0	11074.69662
723.9	11086.717	19	0	11067.71671
724.48	10779.737	-80	0	10859.7368
725.05	11155.757	-81	0	11236.75688
725.63	11082.777	-69	0	11151.77697
726.2	11137.797	-27	0	11164.79706
726.78	10712.817	-79	0	10791.81715
727.35	10982.837	17	0	10965.83724
727.93	10910.857	-73	0	10983.85733
728.5	10807.877	32	0	10775.87742
729.08	10733.898	-54	0	10787.8975
729.65	10958.918	73	0	10885.91759
730.23	10434.938	-78	0	10512.93768
730.8	10743.958	-70	0	10813.95777
731.38	10532.978	-73	0	10605.97786
731.95	10923.998	36	0	10887.99795
732.53	10491.018	-116	0	10607.01804
733.1	10578.038	-20	0	10598.03812
733.68	10417.058	-58	0	10475.05821
734.25	10483.078	-38	0	10521.0783
734.82	10363.098	-49	0	10412.09839
735.4	10566.118	-67	0	10633.11848
735.97	10540.139	-49	0	10589.13857
736.55	10447.159	-10	0	10457.15866
737.12	10501.179	-56	0	10557.17874
737.7	10268.199	-118	0	10386.19883
738.27	10498.219	-2	0	10500.21892
738.85	10135.239	-80	0	10215.23901
739.42	10457.259	-32	0	10489.2591
739.99	10355.279	-75	0	10430.27919
740.57	10577.299	-96	0	10673.29928
741.14	10422.319	-6	0	10428.31936
741.72	10367.339	-79	0	10446.33945
742.29	10287.36	-83	0	10370.35954
742.87	10315.38	-34	0	10349.37963
743.44	10383.4	-55	0	10438.39972
744.01	10196.42	-52	0	10248.41981
744.59	10152.44	-49	0	10201.4399
745.16	10259.46	-2	0	10261.45998
745.73	10380.48	-68	0	10448.48007
746.31	10113.5	-78	0	10191.50016
746.88	10075.52	-113	0	10188.52025
747.46	10289.54	-33	0	10322.54034
748.03	10088.56	-90	0	10178.56043
748.6	10277.581	-71	0	10348.58052
749.18	10167.601	-94	0	10261.6006
749.75	10171.621	11	0	10160.62069
750.32	10077.641	-90	0	10167.64078
750.9	10163.661	-68	0	10231.66087
751.47	9977.681	5	0	9972.68096
752.04	9877.701	-42	0	9919.70105
752.62	10120.721	-94	0	10214.72114
753.19	9956.741	-72	0	10028.74122
753.76	9856.761	-73	0	9929.76131
754.34	10062.781	-38	0	10100.7814
754.91	10141.801	-52	0	10193.80149
755.48	9945.822	-44	0	9989.82158
756.06	9795.842	19	0	9776.84167
756.63	9677.862	55	0	9622.86176
757.2	9788.882	-36	0	9824.88184
757.78	9658.902	-87	0	9745.90193
758.35	9761.922	-75	0	9836.92202
758.92	9961.942	-17	0	9978.94211
759.5	9527.962	-32	0	9559.9622
760.07	9665.982	-105	0	9770.98229
760.64	9591.002	-95	0	9686.00238
761.21	9553.022	-32	0	9585.02246
761.79	9382.043	-110	0	9492.04255
762.36	9388.063	-19	0	9407.06264
762.93	9200.083	-68	0	9268.08273
763.5	9179.103	-102	0	9281.10282
764.08	9490.123	-83	0	9573.12291
764.65	9207.143	-60	0	9267.143
765.22	9077.163	-73	0	9150.16308
765.79	9484.183	-117	0	9601.18317
766.37	9247.203	-44	0	9291.20326
766.94	9231.223	-12	0	9243.22335
767.51	9065.243	-59	0	9124.24344
768.08	9206.264	-23	0	9229.26353
768.66	9045.284	4	0	9041.28362
769.23	8711.304	-49	0	8760.3037
769.8	8695.324	-123	0	8818.32379
770.37	8696.344	-56	0	8752.34388
770.94	8616.364	-11	0	8627.36397
771.52	8762.384	-125	0	8887.38406
772.09	8801.404	-22	0	8823.40415
772.66	8419.424	-36	0	8455.42424
773.23	8461.444	-63	0	8524.44432
773.8	8310.464	-32	0	8342.46441
774.38	8156.485	-82	0	8238.4845
774.95	8274.505	-10	0	8284.50459
775.52	8351.525	-19	0	8370.52468
776.09	7974.545	-4	0	7978.54477
776.66	8038.565	-65	0	8103.56486
777.24	7996.585	-72	0	8068.58494
777.81	8224.605	-24	0	8248.60503
778.38	8049.625	-84	0	8133.62512
778.95	7794.645	-59	0	7853.64521
779.52	7871.665	1	0	7870.6653
780.09	7793.685	93	0	7700.68539
780.66	7704.705	5	0	7699.70548
781.24	7908.726	-51	0	7959.72556
781.81	7571.746	-60	0	7631.74565
782.38	7605.766	-77	0	7682.76574
782.95	7516.786	-116	0	7632.78583
783.52	7433.806	-67	0	7500.80592
784.09	7580.826	8	0	7572.82601
784.66	7565.846	39	0	7526.8461
785.23	7332.866	-73	0	7405.86618
785.8	7367.886	-59	0	7426.88627
786.38	7374.906	-54	0	7428.90636
786.95	7025.926	-61	0	7086.92645
787.52	7178.947	-79	0	7257.94654
788.09	7209.967	-88	0	7297.96663
788.66	7121.987	-46	0	7167.98672
789.23	7181.007	-56	0	7237.0068
789.8	6887.027	-57	0	6944.02689
790.37	6811.047	-75	0	6886.04698
790.94	7145.067	33	0	7112.06707
791.51	6743.087	-24	0	6767.08716
792.08	6609.107	-115	0	6724.10725
792.65	6867.127	-12	0	6879.12734
793.22	6694.147	-62	0	6756.14742
793.8	6478.168	-133	0	6611.16751
794.37	6664.188	-13	0	6677.1876
794.94	6678.208	41	0	6637.20769
795.51	6576.228	-25	0	6601.22778
796.08	6549.248	-36	0	6585.24787
796.65	6513.268	-63	0	6576.26796
797.22	6330.288	-82	0	6412.28804
797.79	6293.308	36	0	6257.30813
798.36	6460.328	-136	0	6596.32822
798.93	6283.348	-49	0	6332.34831
799.5	6334.368	-117	0	6451.3684
800.07	6241.388	-122	0	6363.38849
800.64	6220.409	-57	0	6277.40858
801.21	6066.429	-21	0	6087.42866
801.78	6175.449	-70	0	6245.44875
802.35	6203.469	-117	0	6320.46884
802.92	6218.489	-70	0	6288.48893
803.49	6072.509	-39	0	6111.50902
804.06	6133.529	-32	0	6165.52911
804.63	6110.549	-42	0	6152.5492
805.2	6203.569	-66	0	6269.56928
805.77	6105.589	-30	0	6135.58937
806.34	6106.609	-111	0	6217.60946
806.91	6131.63	-69	0	6200.62955
807.47	5827.65	-74	0	5901.64964
808.04	6148.67	-58	0	6206.66973
808.61	5930.69	-88	0	6018.68981
809.18	6021.71	-46	0	6067.7099
809.75	5857.73	-70	0	5927.72999
810.32	5908.75	-84	0	5992.75008
810.89	5844.77	-38	0	5882.77017
811.46	5811.79	-7	0	5818.79026
812.03	5818.81	-38	0	5856.81035
812.6	5655.83	-62	0	5717.83043
813.17	5710.851	-53	0	5763.85052
813.74	5722.871	26	0	5696.87061
814.31	5675.891	-95	0	5770.8907
814.87	5541.911	-58	0	5599.91079
815.44	5615.931	-46	0	5661.93088
816.01	5587.951	-21	0	5608.95097
816.58	5419.971	-116	0	5535.97105
817.15	5678.991	-56	0	5734.99114
817.72	5333.011	-100	0	5433.01123
818.29	5609.031	22	0	5587.03132
818.86	5368.051	18	0	5350.05141
819.42	5509.071	-63	0	5572.0715
819.99	5484.092	-63	0	5547.09159
820.56	5069.112	-119	0	5188.11167
821.13	5273.132	-16	0	5289.13176
821.7	5247.152	-104	0	5351.15185
822.27	5175.172	-87	0	5262.17194
822.84	5261.192	-32	0	5293.19203
823.4	5201.212	-71	0	5272.21212
823.97	5243.232	47	0	5196.23221
824.54	5030.252	-113	0	5143.25229
825.11	5230.272	-132	0	5362.27238
825.68	5317.292	105	0	5212.29247
826.24	5143.313	-36	0	5179.31256
826.81	5090.333	-70	0	5160.33265
827.38	5118.353	-85	0	5203.35274
827.95	5019.373	5	0	5014.37283
828.52	4981.393	-72	0	5053.39291
829.08	5136.413	-53	0	5189.413
829.65	4990.433	-74	0	5064.43309
830.22	4895.453	-8	0	4903.45318
830.79	5040.473	-90	0	5130.47327
831.36	5131.493	-77	0	5208.49336
831.92	5083.513	65	0	5018.51345
832.49	5081.534	-74	0	5155.53353
833.06	4968.554	-9	0	4977.55362
833.63	5016.574	-54	0	5070.57371
834.19	4814.594	-85	0	4899.5938
834.76	4974.614	-53	0	5027.61389
835.33	4847.634	-124	0	4971.63398
835.9	4822.654	-76	0	4898.65407
836.46	4939.674	-92	0	5031.67415
837.03	4859.694	-74	0	4933.69424
837.6	4868.714	-85	0	4953.71433
838.17	4778.734	-23	0	4801.73442
838.73	4920.755	-23	0	4943.75451
839.3	4682.775	-9	0	4691.7746
839.87	4724.795	4	0	4720.79469
840.43	4872.815	-48	0	4920.81477
841	4962.835	2	0	4960.83486
841.57	4844.855	-49	0	4893.85495
842.14	4678.875	-79	0	4757.87504
842.7	4646.895	-59	0	4705.89513
843.27	4901.915	-73	0	4974.91522
843.84	4715.935	-40	0	4755.93531
844.4	4731.955	-79	0	4810.95539
844.97	4755.975	-51	0	4806.97548
845.54	4700.996	-58	0	4758.99557
846.1	4632.016	-36	0	4668.01566
846.67	4633.036	-103	0	4736.03575
847.24	4661.056	-85	0	4746.05584
847.8	4703.076	-66	0	4769.07593
848.37	4699.096	-96	0	4795.09601
848.94	4553.116	33	0	4520.1161
849.5	4801.136	19	0	4782.13619
850.07	4624.156	-69	0	4693.15628
850.63	4614.176	24	0	4590.17637
851.2	4577.196	-85	0	4662.19646
851.77	4525.217	-61	0	4586.21655
852.33	4684.237	-29	0	4713.23663
852.9	4587.257	-66	0	4653.25672
853.47	4542.277	-21	0	4563.27681
854.03	4555.297	-94	0	4649.2969
854.6	4444.317	-39	0	4483.31699
855.16	4503.337	-10	0	4513.33708
855.73	4485.357	-22	0	4507.35717
856.3	4560.377	22	0	4538.37725
856.86	4333.397	-58	0	4391.39734
857.43	4431.417	-3	0	4434.41743
857.99	4265.438	-14	0	4279.43752
858.56	4493.458	-122	0	4615.45761
859.12	4349.478	-30	0	4379.4777
859.69	4367.498	-84	0	4451.49779
860.26	4291.518	-54	0	4345.51787
860.82	4297.538	-50	0	4347.53796
861.39	4294.558	-68	0	4362.55805
861.95	4321.578	-48	0	4369.57814
862.52	4353.598	-1	0	4354.59823
863.08	4220.618	-66	0	4286.61832
863.65	4274.638	-14	0	4288.63841
864.21	4072.658	-69	0	4141.65849
864.78	4194.679	-13	0	4207.67858
865.34	4377.699	154	0	4223.69867
865.91	4149.719	-38	0	4187.71876
866.47	4110.739	-58	0	4168.73885
867.04	4169.759	-77	0	4246.75894
867.61	4084.779	-110	0	4194.77903
868.17	4004.799	-12	0	4016.79911
868.74	4105.819	-60	0	4165.8192
869.3	3888.839	-72	0	3960.83929
869.86	4045.859	-110	0	4155.85938
870.43	3957.879	-72	0	4029.87947
870.99	3931.9	-115	0	4046.89956
871.56	4052.92	-63	0	4115.91965
872.12	3929.94	-65	0	3994.93973
872.69	3860.96	-100	0	3960.95982
873.25	3943.98	-23	0	3966.97991
873.82	3852	-68	0	3920
874.38	3850	7	0	3843
874.95	3919	5	0	3914
875.51	3916	-13	0	3929
876.08	3742	-54	0	3796
876.64	3763	-117	0	3880
877.2	3899	-119	0	4018
877.77	3675	-71	0	3746
878.33	3598	-69	0	3667
878.9	3654	-58	0	3712
879.46	3711	-83	0	3794
880.03	3831	-3	0	3834
880.59	3631	-86	0	3717
881.15	3676	12	0	3664
881.72	3645	-54	0	3699
882.28	3581	7	0	3574
882.85	3635	-88	0	3723
883.41	3423	-32	0	3455
883.97	3748	247	0	3501
884.54	3380	-62	0	3442
885.1	3430	-57	0	3487
885.66	3659	-9	0	3668
886.23	3245	-47	0	3292
886.79	3265	-62	0	3327
887.36	3272	10	0	3262
887.92	3196	-94	0	3290
888.48	3295	-117	0	3412
889.05	3118	-131	0	3249
889.61	3176	-40	0	3216
890.17	3189	-54	0	3243
890.74	3176	-50	0	3226
891.3	3255	-60	0	3315
891.86	3109	-58	0	3167
892.43	3077	-119	0	3196
892.99	3086	-52	0	3138
893.55	3041	-86	0	3127
894.11	3055	-55	0	3110
894.68	3144	-48	0	3192
895.24	3192	24	0	3168
895.8	2900	-65	0	2965
896.37	2976	-58	0	3034
896.93	3029	-21	0	3050
897.49	3008	-109	0	3117
898.05	3211	-17	0	3228
898.62	3174	47	0	3127
899.18	3055	-86	0	3141
899.74	3210	63	0	3147
900.31	2991	-12	0	3003
900.87	2967	-63	0	3030
901.43	3038	-166	0	3204
901.99	3083	-66	0	3149
902.56	3196	-22	0	3218
903.12	3181	45	0	3136
903.68	3155	-107	0	3262
904.24	3269	-48	0	3317
904.8	3073	-6	0	3079
905.37	3064	-32	0	3096
905.93	3198	-31	0	3229
906.49	3211	-2	0	3213
907.05	3034	-107	0	3141
907.61	3172	-26	0	3198
908.18	3077	25	0	3052
908.74	3043	-34	0	3077
909.3	3033	-94	0	3127
909.86	2979	-74	0	3053
910.42	2947	-104	0	3051
910.99	3022	14	0	3008
911.55	2895	-74	0	2969
912.11	2912	-46	0	2958
912.67	2797	-28	0	2825
913.23	2769	-93	0	2862
913.79	2692	-38	0	2730
914.36	2789	-26	0	2815
914.92	2793	-48	0	2841
915.48	2864	-69	0	2933
916.04	2838	66	0	2772
916.6	2630	-74	0	2704
917.16	2718	-68	0	2786
917.72	2658	-81	0	2739
918.28	2517	-56	0	2573
918.85	2747	0	0	2747
919.41	2618	-24	0	2642
919.97	2445	-99	0	2544
920.53	2632	-86	0	2718
921.09	2466	65	0	2401
921.65	2573	-75	0	2648
922.21	2467	-79	0	2546
922.77	2486	-81	0	2567
923.33	2406	-20	0	2426
923.89	2258	-51	0	2309
924.45	2426	-82	0	2508
925.01	2331	-45	0	2376
925.58	2287	-31	0	2318
926.14	2236	-59	0	2295
926.7	2269	-66	0	2335
927.26	2366	-8	0	2374
927.82	2271	-27	0	2298
928.38	2269	-35	0	2304
928.94	2182	-46	0	2228
929.5	2270	-32	0	2302
930.06	2267	-135	0	2402
930.62	2111	-101	0	2212
931.18	2162	0	0	2162
931.74	1996	-92	0	2088
932.3	2189	-83	0	2272
932.86	2173	-77	0	2250
933.42	1987	-91	0	2078
933.98	2106	-53	0	2159
934.54	2060	-9	0	2069
935.1	1964	-91	0	2055
935.66	2018	-69	0	2087
936.22	2071	-57	0	2128
936.78	1967	-61	0	2028
937.34	1841	-46	0	1887
937.9	1926	-30	0	1956
938.46	1842	-34	0	1876
939.02	1891	-45	0	1936
939.58	1871	-130	0	2001
940.14	1812	-54	0	1866
940.7	1910	-6	0	1916
941.25	1839	-90	0	1929
941.81	1751	-66	0	1817
942.37	1851	-62	0	1913
942.93	1733	-108	0	1841
943.49	1719	-64	0	1783
944.05	1657	-102	0	1759
944.61	1699	8	0	1691
945.17	1631	-82	0	1713
945.73	1680	-47	0	1727
946.29	1613	-75	0	1688
946.85	1640	-114	0	1754
947.4	1597	-121	0	1718
947.96	1763	-34	0	1797
948.52	1587	-89	0	1676
949.08	1468	-52	0	1520
949.64	1731	26	0	1705
950.2	1560	-25	0	1585
950.76	1591	-50	0	1641
951.32	1483	-83	0	1566
951.87	1529	-63	0	1592
952.43	1613	12	0	1601
952.99	1607	2	0	1605
953.55	1549	-28	0	1577
954.11	1423	-127	0	1550
954.67	1478	-56	0	1534
955.22	1528	-53	0	1581
955.78	1629	30	0	1599
956.34	1480	-15	0	1495
956.9	1407	-80	0	1487
957.46	1458	-89	0	1547
958.01	1484	-9	0	1493
958.57	1472	-72	0	1544
959.13	1450	-48	0	1498
959.69	1377	-47	0	1424
960.25	1459	-71	0	1530
960.8	1387	-68	0	1455
961.36	1452	-47	0	1499
961.92	1282	-147	0	1429
962.48	1326	-90	0	1416
963.03	1459	-77	0	1536
963.59	1445	-29	0	1474
964.15	1385	-99	0	1484
964.71	1427	-46	0	1473
965.26	1386	-96	0	1482
965.82	1389	-53	0	1442
966.38	1384	-68	0	1452
966.94	1308	-82	0	1390
967.49	1343	-82	0	1425
968.05	1331	-143	0	1474
968.61	1450	56	0	1394
969.17	1236	-95	0	1331
969.72	1225	-108	0	1333
970.28	1351	-64	0	1415
970.84	1225	-91	0	1316
971.39	1351	-27	0	1378
971.95	1305	-95	0	1400
972.51	1192	-107	0	1299
973.06	1297	13	0	1284
973.62	1332	-18	0	1350
974.18	1271	-65	0	1336
974.73	1156	-78	0	1234
975.29	1307	57	0	1250
975.85	1180	-36	0	1216
976.4	1295	-54	0	1349
976.96	1077	-81	0	1158
977.52	1145	-24	0	1169
978.07	1253	-56	0	1309
978.63	1129	-93	0	1222
979.19	1197	-22	0	1219
979.74	1176	-30	0	1206
980.3	1040	-95	0	1135
980.85	1174	-17	0	1191
981.41	1054	-69	0	1123
981.97	964	-98	0	1062
982.52	1090	-104	0	1194
983.08	1065	-1	0	1066
983.63	1091	13	0	1078
984.19	1036	-84	0	1120
984.75	920	-90	0	1010
985.3	976	-105	0	1081
985.86	988	-75	0	1063
986.41	1003	-131	0	1134
986.97	936	-119	0	1055
987.52	1031	-74	0	1105
988.08	958	-99	0	1057
988.64	927	-103	0	1030
989.19	939	-112	0	1051
989.75	1105	-19	0	1124
990.3	931	-110	0	1041
990.86	942	-57	0	999
991.41	977	-66	0	1043
991.97	903	-57	0	960
992.52	864	-112	0	976
993.08	909	-80	0	989
993.63	797	-115	0	912
994.19	864	-76	0	940
994.74	819	-111	0	930
995.3	787	-125	0	912
995.85	752	-109	0	861
996.41	830	-47	0	877
996.96	892	-65	0	957
997.52	865	69	0	796
998.07	807	-39	0	846
998.63	715	-126	0	841
999.18	751	-20	0	771
999.74	879	-88	0	967
1000.29	628	-110	0	738
1000.85	723	-57	0	780
1001.4	721	-42	0	763
1001.96	655	-17	0	672
1002.51	661	-47	0	708
1003.06	623	-94	0	717
1003.62	717	21	0	696
1004.17	714	-108	0	822
1004.73	597	-95	0	692
1005.28	818	83	0	735
1005.83	603	-104	0	707
1006.39	612	-107	0	719
1006.94	703	-103	0	806
1007.5	764	-39	0	803
1008.05	679	-93	0	772
1008.6	707	-49	0	756
1009.16	674	-34	0	708
1009.71	713	-11	0	724
1010.27	654	-134	0	788
1010.82	631	-90	0	721
1011.37	771	-17	0	788
1011.93	710	2	0	708
1012.48	754	-24	0	778
1013.03	686	-102	0	788
1013.59	659	-70	0	729
1014.14	647	-116	0	763
1014.69	643	-80	0	723
1015.25	852	81	0	771
1015.8	667	-40	0	707
1016.35	541	-74	0	615
1016.91	511	-93	0	604
1017.46	637	-71	0	708
1018.01	562	-120	0	682
1018.57	531	-109	0	640
1019.12	582	-100	0	682
1019.67	601	-36	0	637
1020.23	672	0	0	672
1020.78	482	-87	0	569
1021.33	565	-27	0	592
1021.88	604	-39	0	643
1022.44	608	27	0	581
1022.99	489	-95	0	584
1023.54	427	-140	0	567
1024.09	628	5	0	623
1024.65	480	-70	0	550
1025.2	411	-86	0	497
1025.75	434	-112	0	546
1026.3	501	-23	0	524
1026.86	434	-82	0	516
1027.41	453	6	0	447
1027.96	409	-88	0	497
1028.51	476	27	0	449
1029.07	388	-72	0	460
1029.62	404	-96	0	500
1030.17	318	34	0	284
1030.72	482	-13	0	495
1031.27	358	-29	0	387
1031.83	355	-51	0	406
1032.38	430	-7	0	437
1032.93	328	-64	0	392
1033.48	297	-55	0	352
1034.03	376	-92	0	468
1034.58	365	-52	0	417
1035.14	346	-85	0	431
1035.69	312	-73	0	385
1036.24	284	-115	0	399
1036.79	284	-119	0	403
1037.34	302	-81	0	383
1037.89	273	-129	0	402
1038.45	253	-122	0	375
1039	312	-28	0	340
1039.55	251	-61	0	312
1040.1	301	11	0	290
1040.65	214	-96	0	310
1041.2	204	-102	0	306
1041.75	303	-103	0	406
1042.3	269	-105	0	374
1042.85	270	-86	0	356
1043.41	285	-33	0	318
1043.96	117	-98	0	215
1044.51	235	-88	0	323
1045.06	314	20	0	294
1045.61	223	-54	0	277
1046.16	302	-38	0	340
1046.71	226	-68	0	294
1047.26	193	-75	0	268
1047.81	171	-101	0	272
1048.36	135	-128	0	263
1048.91	1045	740	0	305
1049.46	326	71	0	255
1050.01	202	-100	0	302
1050.56	241	-144	0	385
1051.11	137	5	0	132
1051.66	140	-89	0	229
1052.21	169	-67	0	236
1052.76	210	-79	0	289
1053.31	118	-53	0	171
1053.86	172	-15	0	187
1054.41	220	-45	0	265
1054.96	150	-63	0	213
1055.51	395	140	0	255
1056.06	118	-78	0	196
1056.61	182	66	0	116
1057.16	165	-48	0	213
1057.71	155	-120	0	275
1058.26	99	-105	0	204
1058.81	123	12	0	111
1059.36	104	-114	0	218
1059.91	150	-47	0	197
1060.46	253	-67	0	320
1061.01	173	-121	0	294
1061.56	115	-93	0	208
1062.11	208	-24	0	232
1062.66	118	-39	0	157
1063.21	112	-140	0	252
1063.76	114	-42	0	156
1064.31	109	-71	0	180
1064.86	101	-97	0	198
1065.4	189	-6	0	195
1065.95	167	-21	0	188
1066.5	49	-100	0	149
1067.05	56	-91	0	147
1067.6	96	27	0	69
1068.15	74	-46	0	120
1068.7	15	-75	0	90
1069.25	136	-79	0	215
1069.79	74	-54	0	128
1070.34	25	-116	0	141
1070.89	139	-8	0	147
1071.44	141	-61	0	202
1071.99	192	96	0	96
1072.54	16	-88	0	104
1073.09	18	-19	0	37
1073.63	101	-43	0	144
1074.18	92	-17	0	109
1074.73	21	-79	0	100
1075.28	94	1	0	93
1075.83	78	-89	0	167
1076.38	52	-122	0	174
1076.92	45	-90	0	135
1077.47	132	-28	0	160
1078.02	132	45	0	87
1078.57	5	-107	0	112
1079.11	43	-50	0	93
1079.66	50	-86	0	136
1080.21	65	-73	0	138
1080.76	44	-18	0	62
1081.31	-24	-103	0	79
1081.85	-5	-76	0	71
1082.4	88	-10	0	98
1082.95	60	-109	0	169
1083.5	95	-20	0	115
1084.04	48	-68	0	116
1084.59	65	-107	0	172
1085.14	14	-104	0	118
1085.69	9	-32	0	41
1086.23	75	-9	0	84
1086.78	35	-41	0	76
1087.33	94	-34	0	128
1087.87	-18	-93	0	75
1088.42	68	-27	0	95
1088.97	-17	-88	0	71
1089.52	97	-75	0	172
1090.06	20	-126	0	146
1090.61	-15	-45	0	30
1091.16	43	-85	0	128
1091.7	-7	-83	0	76
1092.25	-30	-79	0	49
1092.8	46	-80	0	126
1093.34	90	-50	0	140
1093.89	15	-51	0	66
1094.44	80	-39	0	119
1094.98	127	-32	0	159
1095.53	74	-67	0	141
1096.07	7	-38	0	45
1096.62	-11	-75	0	64
1097.17	80	-4	0	84
1097.71	-43	-23	0	-20
1098.26	-21	-132	0	111
1098.81	17	-34	0	51
1099.35	-34	-102	0	68
1099.9	27	-57	0	84
1100.44	-10	-172	0	162
