#	time(s)	count A	count B	count C	count D
1	0.0100	-110	5		
2	0.0200	-110	4		
3	0.0300	-110	4		
4	0.0400	-110	2		
5	0.0500	-109	1		
6	0.0600	-109	0		
7	0.0700	-109	-1		
8	0.0800	-108	-3		
9	0.0900	-108	-5		
10	0.1000	-108	-7		
11	0.1100	-108	-9		
12	0.1200	-107	-11		
13	0.1300	-106	-13		
14	0.1400	-106	-15		
15	0.1500	-106	-18		
16	0.1600	-105	-20		
17	0.1700	-104	-23		
18	0.1800	-104	-25		
19	0.1900	-103	-28		
20	0.2000	-102	-31		
21	0.2100	-102	-33		
22	0.2200	-101	-36		
23	0.2300	-100	-39		
24	0.2400	-100	-42		
25	0.2500	-99	-44		
26	0.2600	-98	-47		
27	0.2700	-98	-49		
28	0.2800	-97	-52		
29	0.2900	-96	-54		
30	0.3000	-96	-57		
31	0.3100	-95	-59		
32	0.3200	-94	-61		
33	0.3300	-94	-63		
34	0.3400	-94	-65		
35	0.3500	-93	-67		
36	0.3600	-92	-68		
37	0.3700	-92	-70		
38	0.3800	-91	-71		
39	0.3900	-91	-72		
40	0.4000	-90	-74		
41	0.4100	-90	-74		
42	0.4200	-90	-75		
43	0.4300	-90	-76		
44	0.4400	-89	-76		
45	0.4500	-89	-76		
46	0.4600	-89	-76		
47	0.4700	-88	-76		
48	0.4800	-88	-76		
49	0.4900	-88	-75		
50	0.5000	-88	-74		
51	0.5100	-88	-74		
52	0.5200	-88	-72		
53	0.5300	-88	-71		
54	0.5400	-89	-70		
55	0.5500	-89	-68		
56	0.5600	-89	-67		
57	0.5700	-90	-65		
58	0.5800	-90	-63		
59	0.5900	-90	-61		
60	0.6000	-90	-59		
61	0.6100	-91	-57		
62	0.6200	-92	-54		
63	0.6300	-92	-52		
64	0.6400	-92	-49		
65	0.6500	-93	-47		
66	0.6600	-94	-44		
67	0.6700	-94	-42		
68	0.6800	-95	-39		
69	0.6900	-96	-36		
70	0.7000	-96	-33		
71	0.7100	-97	-31		
72	0.7200	-98	-28		
73	0.7300	-98	-25		
74	0.7400	-99	-23		
75	0.7500	-100	-20		
76	0.7600	-101	-18		
77	0.7700	-101	-15		
78	0.7800	-102	-13		
79	0.7900	-103	-11		
80	0.8000	-104	-9		
81	0.8100	-104	-6		
82	0.8200	-105	-5		
83	0.8300	-105	-3		
84	0.8400	-106	-1		
85	0.8500	-106	0		
86	0.8600	-107	2		
87	0.8700	-107	3		
88	0.8800	-108	4		
89	0.8900	-108	4		
90	0.9000	-108	5		
91	0.9100	-109	6		
92	0.9200	-109	6		
93	0.9300	-109	6		
94	0.9400	-109	6		
95	0.9500	-110	6		
96	0.9600	-110	5		
97	0.9700	-110	5		
98	0.9800	-110	4		
99	0.9900	-110	3		
100	1.0000	-109	2		
101	1.0100	-109	1		
102	1.0200	-109	-1		
103	1.0300	-108	-2		
104	1.0400	-108	-4		
105	1.0500	-108	-6		
106	1.0600	-108	-8		
107	1.0700	-107	-10		
108	1.0800	-107	-12		
109	1.0900	-106	-14		
110	1.1000	-106	-17		
111	1.1100	-105	-19		
112	1.1200	-104	-22		
113	1.1300	-104	-24		
114	1.1400	-103	-27		
115	1.1500	-103	-30		
116	1.1600	-102	-32		
117	1.1700	-102	-35		
118	1.1800	-101	-38		
119	1.1900	-100	-41		
120	1.2000	-100	-43		
121	1.2100	-98	-46		
122	1.2200	-98	-49		
123	1.2300	-97	-51		
124	1.2400	-96	-54		
125	1.2500	-96	-56		
126	1.2600	-96	-58		
127	1.2700	-95	-60		
128	1.2800	-94	-62		
129	1.2900	-94	-64		
130	1.3000	-93	-66		
131	1.3100	-92	-68		
132	1.3200	-92	-70		
133	1.3300	-92	-71		
134	1.3400	-91	-72		
135	1.3500	-90	-73		
136	1.3600	-90	-74		
137	1.3700	-90	-75		
138	1.3800	-90	-76		
139	1.3900	-89	-76		
140	1.4000	-89	-76		
141	1.4100	-89	-76		
142	1.4200	-89	-76		
143	1.4300	-88	-76		
144	1.4400	-88	-75		
145	1.4500	-88	-75		
146	1.4600	-88	-74		
147	1.4700	-88	-73		
148	1.4800	-88	-72		
149	1.4900	-89	-70		
150	1.5000	-89	-69		
151	1.5100	-89	-67		
152	1.5200	-90	-66		
153	1.5300	-90	-64		
154	1.5400	-90	-62		
155	1.5500	-90	-60		
156	1.5600	-91	-58		
157	1.5700	-92	-55		
158	1.5800	-92	-53		
159	1.5900	-92	-50		
160	1.6000	-93	-48		
161	1.6100	-94	-45		
162	1.6200	-94	-42		
163	1.6300	-95	-40		
164	1.6400	-96	-37		
165	1.6500	-96	-34		
166	1.6600	-97	-32		
167	1.6700	-98	-29		
168	1.6800	-98	-26		
169	1.6900	-99	-24		
170	1.7000	-100	-21		
171	1.7100	-100	-19		
172	1.7200	-101	-16		
173	1.7300	-102	-14		
174	1.7400	-102	-12		
175	1.7500	-103	-9		
176	1.7600	-104	-7		
177	1.7700	-104	-5		
178	1.7800	-105	-4		
179	1.7900	-106	-2		
180	1.8000	-106	0		
181	1.8100	-106	1		
182	1.8200	-107	2		
183	1.8300	-108	3		
184	1.8400	-108	4		
185	1.8500	-108	5		
186	1.8600	-109	6		
187	1.8700	-109	6		
188	1.8800	-109	6		
189	1.8900	-109	6		
190	1.9000	-110	6		
191	1.9100	-110	6		
192	1.9200	-110	5		
193	1.9300	-110	4		
194	1.9400	-110	4		
195	1.9500	-110	2		
196	1.9600	-109	1		
197	1.9700	-109	0		
198	1.9800	-109	-2		
199	1.9900	-108	-3		
200	2.0000	-108	-5		
201	2.0100	-108	-7		
202	2.0200	-108	-9		
203	2.0300	-107	-11		
204	2.0400	-106	-14		
205	2.0500	-106	-16		
206	2.0600	-106	-18		
207	2.0700	-105	-21		
208	2.0800	-104	-23		
209	2.0900	-104	-26		
210	2.1000	-103	-29		
211	2.1100	-102	-31		
212	2.1200	-102	-34		
213	2.1300	-101	-37		
214	2.1400	-100	-40		
215	2.1500	-100	-42		
216	2.1600	-99	-45		
217	2.1700	-98	-48		
218	2.1800	-98	-50		
219	2.1900	-97	-53		
220	2.2000	-96	-55		
221	2.2100	-96	-58		
222	2.2200	-95	-60		
223	2.2300	-94	-62		
224	2.2400	-94	-64		
225	2.2500	-94	-66		
226	2.2600	-93	-68		
227	2.2700	-92	-69		
228	2.2800	-92	-71		
229	2.2900	-91	-72		
230	2.3000	-91	-73		
231	2.3100	-90	-74		
232	2.3200	-90	-75		
233	2.3300	-90	-76		
234	2.3400	-90	-76		
235	2.3500	-89	-77		
236	2.3600	-89	-77		
237	2.3700	-89	-77		
238	2.3800	-89	-76		
239	2.3900	-88	-76		
240	2.4000	-88	-75		
241	2.4100	-88	-75		
242	2.4200	-88	-74		
243	2.4300	-88	-73		
244	2.4400	-89	-71		
245	2.4500	-89	-70		
246	2.4600	-89	-68		
247	2.4700	-90	-67		
248	2.4800	-90	-65		
249	2.4900	-90	-63		
250	2.5000	-90	-61		
251	2.5100	-91	-58		
252	2.5200	-91	-56		
253	2.5300	-92	-54		
254	2.5400	-92	-51		
255	2.5500	-93	-49		
256	2.5600	-94	-46		
257	2.5700	-94	-43		
258	2.5800	-94	-41		
259	2.5900	-95	-38		
260	2.6000	-96	-35		
261	2.6100	-96	-32		
262	2.6200	-97	-30		
263	2.6300	-98	-27		
264	2.6400	-99	-24		
265	2.6500	-100	-22		
266	2.6600	-100	-19		
267	2.6700	-101	-17		
268	2.6800	-102	-14		
269	2.6900	-102	-12		
270	2.7000	-103	-10		
271	2.7100	-104	-8		
272	2.7200	-104	-6		
273	2.7300	-105	-4		
274	2.7400	-106	-2		
275	2.7500	-106	0		
276	2.7600	-106	1		
277	2.7700	-107	2		
278	2.7800	-108	4		
279	2.7900	-108	4		
280	2.8000	-108	5		
281	2.8100	-108	6		
282	2.8200	-109	6		
283	2.8300	-109	6		
284	2.8400	-109	6		
285	2.8500	-110	6		
286	2.8600	-110	6		
287	2.8700	-110	6		
288	2.8800	-110	5		
289	2.8900	-110	4		
290	2.9000	-110	3		
291	2.9100	-110	2		
292	2.9200	-109	1		
293	2.9300	-109	-1		
294	2.9400	-109	-3		
295	2.9500	-108	-4		
296	2.9600	-108	-6		
297	2.9700	-108	-8		
298	2.9800	-107	-10		
299	2.9900	-107	-13		
300	3.0000	-106	-15		
301	3.0100	-106	-18		
302	3.0200	-105	-20		
303	3.0300	-104	-23		
304	3.0400	-104	-25		
305	3.0500	-104	-28		
306	3.0600	-103	-31		
307	3.0700	-102	-34		
308	3.0800	-102	-36		
309	3.0900	-101	-39		
310	3.1000	-100	-42		
311	3.1100	-100	-44		
312	3.1200	-99	-47		
313	3.1300	-98	-50		
314	3.1400	-98	-52		
315	3.1500	-97	-55		
316	3.1600	-96	-57		
317	3.1700	-96	-59		
318	3.1800	-95	-62		
319	3.1900	-94	-64		
320	3.2000	-94	-66		
321	3.2100	-93	-67		
322	3.2200	-92	-69		
323	3.2300	-92	-70		
324	3.2400	-92	-72		
325	3.2500	-91	-73		
326	3.2600	-91	-74		
327	3.2700	-90	-75		
328	3.2800	-90	-76		
329	3.2900	-90	-76		
330	3.3000	-89	-77		
331	3.3100	-89	-77		
332	3.3200	-89	-77		
333	3.3300	-89	-77		
334	3.3400	-88	-76		
335	3.3500	-88	-76		
336	3.3600	-88	-75		
337	3.3700	-88	-74		
338	3.3800	-88	-73		
339	3.3900	-89	-72		
340	3.4000	-89	-71		
341	3.4100	-89	-69		
342	3.4200	-89	-67		
343	3.4300	-90	-66		
344	3.4400	-90	-64		
345	3.4500	-90	-62		
346	3.4600	-90	-59		
347	3.4700	-91	-57		
348	3.4800	-92	-55		
349	3.4900	-92	-52		
350	3.5000	-92	-50		
351	3.5100	-93	-47		
352	3.5200	-94	-44		
353	3.5300	-94	-42		
354	3.5400	-95	-39		
355	3.5500	-96	-36		
356	3.5600	-96	-34		
357	3.5700	-97	-31		
358	3.5800	-98	-28		
359	3.5900	-98	-25		
360	3.6000	-99	-23		
361	3.6100	-100	-20		
362	3.6200	-100	-17		
363	3.6300	-101	-15		
364	3.6400	-102	-13		
365	3.6500	-102	-10		
366	3.6600	-103	-8		
367	3.6700	-104	-6		
368	3.6800	-104	-4		
369	3.6900	-105	-2		
370	3.7000	-106	-1		
371	3.7100	-106	1		
372	3.7200	-107	2		
373	3.7300	-107	3		
374	3.7400	-108	4		
375	3.7500	-108	5		
376	3.7600	-108	6		
377	3.7700	-109	6		
378	3.7800	-109	7		
379	3.7900	-109	7		
380	3.8000	-110	7		
381	3.8100	-110	6		
382	3.8200	-110	6		
383	3.8300	-110	6		
384	3.8400	-110	5		
385	3.8500	-110	4		
386	3.8600	-110	3		
387	3.8700	-109	1		
388	3.8800	-109	0		
389	3.8900	-109	-2		
390	3.9000	-108	-3		
391	3.9100	-108	-5		
392	3.9200	-108	-7		
393	3.9300	-108	-9		
394	3.9400	-107	-12		
395	3.9500	-106	-14		
396	3.9600	-106	-16		
397	3.9700	-106	-19		
398	3.9800	-105	-21		
399	3.9900	-104	-24		
400	4.0000	-104	-27		
401	4.0100	-103	-29		
402	4.0200	-102	-32		
403	4.0300	-102	-35		
404	4.0400	-101	-38		
405	4.0500	-100	-40		
406	4.0600	-100	-43		
407	4.0700	-99	-46		
408	4.0800	-98	-48		
409	4.0900	-98	-51		
410	4.1000	-97	-54		
411	4.1100	-96	-56		
412	4.1200	-96	-58		
413	4.1300	-95	-61		
414	4.1400	-94	-63		
415	4.1500	-94	-65		
416	4.1600	-94	-67		
417	4.1700	-93	-68		
418	4.1800	-92	-70		
419	4.1900	-92	-71		
420	4.2000	-91	-73		
421	4.2100	-91	-74		
422	4.2200	-90	-75		
423	4.2300	-90	-76		
424	4.2400	-90	-76		
425	4.2500	-90	-77		
426	4.2600	-89	-77		
427	4.2700	-89	-77		
428	4.2800	-89	-77		
429	4.2900	-88	-77		
430	4.3000	-88	-76		
431	4.3100	-88	-76		
432	4.3200	-88	-75		
433	4.3300	-88	-74		
434	4.3400	-88	-73		
435	4.3500	-89	-72		
436	4.3600	-89	-70		
437	4.3700	-89	-68		
438	4.3800	-89	-67		
439	4.3900	-90	-65		
440	4.4000	-90	-63		
441	4.4100	-90	-61		
442	4.4200	-91	-58		
443	4.4300	-91	-56		
444	4.4400	-92	-54		
445	4.4500	-92	-51		
446	4.4600	-93	-48		
447	4.4700	-94	-46		
448	4.4800	-94	-43		
449	4.4900	-94	-40		
450	4.5000	-95	-38		
451	4.5100	-96	-35		
452	4.5200	-96	-32		
453	4.5300	-97	-30		
454	4.5400	-98	-27		
455	4.5500	-99	-24		
456	4.5600	-100	-22		
457	4.5700	-100	-19		
458	4.5800	-101	-16		
459	4.5900	-102	-14		
460	4.6000	-102	-12		
461	4.6100	-103	-9		
462	4.6200	-104	-7		
463	4.6300	-104	-5		
464	4.6400	-105	-3		
465	4.6500	-106	-2		
466	4.6600	-106	0		
467	4.6700	-106	2		
468	4.6800	-107	3		
469	4.6900	-108	4		
470	4.7000	-108	5		
471	4.7100	-108	6		
472	4.7200	-108	6		
473	4.7300	-109	7		
474	4.7400	-109	7		
475	4.7500	-109	7		
476	4.7600	-110	7		
477	4.7700	-110	6		
478	4.7800	-110	6		
479	4.7900	-110	5		
480	4.8000	-110	5		
481	4.8100	-110	4		
482	4.8200	-110	2		
483	4.8300	-109	1		
484	4.8400	-109	0		
485	4.8500	-108	-2		
486	4.8600	-108	-4		
487	4.8700	-108	-6		
488	4.8800	-108	-8		
489	4.8900	-107	-10		
490	4.9000	-107	-12		
491	4.9100	-106	-15		
492	4.9200	-106	-17		
493	4.9300	-105	-20		
494	4.9400	-104	-22		
495	4.9500	-104	-25		
496	4.9600	-103	-28		
497	4.9700	-102	-30		
498	4.9800	-102	-33		
499	4.9900	-102	-36		
500	5.0000	-101	-39		
501	5.0100	-100	-42		
502	5.0200	-99	-44		
503	5.0300	-98	-47		
504	5.0400	-98	-50		
505	5.0500	-97	-52		
506	5.0600	-96	-55		
507	5.0700	-96	-57		
508	5.0800	-95	-59		
509	5.0900	-95	-62		
510	5.1000	-94	-64		
511	5.1100	-94	-66		
512	5.1200	-93	-68		
513	5.1300	-92	-69		
514	5.1400	-92	-71		
515	5.1500	-92	-72		
516	5.1600	-91	-73		
517	5.1700	-90	-74		
518	5.1800	-90	-75		
519	5.1900	-90	-76		
520	5.2000	-90	-77		
521	5.2100	-89	-77		
522	5.2200	-89	-77		
523	5.2300	-89	-77		
524	5.2400	-89	-77		
525	5.2500	-88	-77		
526	5.2600	-88	-76		
527	5.2700	-88	-76		
528	5.2800	-88	-75		
529	5.2900	-88	-74		
530	5.3000	-89	-72		
531	5.3100	-89	-71		
532	5.3200	-89	-70		
533	5.3300	-89	-68		
534	5.3400	-90	-66		
535	5.3500	-90	-64		
536	5.3600	-90	-62		
537	5.3700	-90	-60		
538	5.3800	-91	-58		
539	5.3900	-92	-55		
540	5.4000	-92	-53		
541	5.4100	-92	-50		
542	5.4200	-93	-48		
543	5.4300	-94	-45		
544	5.4400	-94	-42		
545	5.4500	-95	-39		
546	5.4600	-96	-37		
547	5.4700	-96	-34		
548	5.4800	-97	-31		
549	5.4900	-98	-28		
550	5.5000	-98	-26		
551	5.5100	-99	-23		
552	5.5200	-100	-20		
553	5.5300	-100	-18		
554	5.5400	-101	-15		
555	5.5500	-102	-13		
556	5.5600	-102	-10		
557	5.5700	-103	-8		
558	5.5800	-104	-6		
559	5.5900	-104	-4		
560	5.6000	-105	-2		
561	5.6100	-106	-1		
562	5.6200	-106	1		
563	5.6300	-107	2		
564	5.6400	-107	4		
565	5.6500	-108	4		
566	5.6600	-108	5		
567	5.6700	-108	6		
568	5.6800	-109	7		
569	5.6900	-109	7		
570	5.7000	-109	7		
571	5.7100	-110	7		
572	5.7200	-110	7		
573	5.7300	-110	6		
574	5.7400	-110	6		
575	5.7500	-110	5		
576	5.7600	-110	4		
577	5.7700	-110	3		
578	5.7800	-109	2		
579	5.7900	-109	1		
580	5.8000	-109	-1		
581	5.8100	-108	-3		
582	5.8200	-108	-5		
583	5.8300	-108	-7		
584	5.8400	-107	-9		
585	5.8500	-107	-11		
586	5.8600	-106	-13		
587	5.8700	-106	-16		
588	5.8800	-105	-18		
589	5.8900	-105	-21		
590	5.9000	-104	-23		
591	5.9100	-104	-26		
592	5.9200	-103	-29		
593	5.9300	-102	-32		
594	5.9400	-102	-34		
595	5.9500	-101	-37		
596	5.9600	-100	-40		
597	5.9700	-100	-43		
598	5.9800	-99	-45		
599	5.9900	-98	-48		
600	6.0000	-98	-51		
601	6.0100	-97	-53		
602	6.0200	-96	-56		
603	6.0300	-96	-58		
604	6.0400	-95	-60		
605	6.0500	-94	-63		
606	6.0600	-94	-65		
607	6.0700	-93	-67		
608	6.0800	-93	-68		
609	6.0900	-92	-70		
610	6.1000	-92	-72		
611	6.1100	-91	-73		
612	6.1200	-91	-74		
613	6.1300	-90	-75		
614	6.1400	-90	-76		
615	6.1500	-90	-76		
616	6.1600	-90	-77		
617	6.1700	-89	-77		
618	6.1800	-89	-77		
619	6.1900	-89	-77		
620	6.2000	-88	-77		
621	6.2100	-88	-77		
622	6.2200	-88	-76		
623	6.2300	-88	-75		
624	6.2400	-88	-74		
625	6.2500	-89	-73		
626	6.2600	-89	-72		
627	6.2700	-89	-71		
628	6.2800	-89	-69		
629	6.2900	-90	-67		
630	6.3000	-90	-65		
631	6.3100	-90	-63		
632	6.3200	-90	-61		
633	6.3300	-91	-59		
634	6.3400	-92	-57		
635	6.3500	-92	-54		
636	6.3600	-92	-52		
637	6.3700	-93	-49		
638	6.3800	-94	-46		
639	6.3900	-94	-44		
640	6.4000	-95	-41		
641	6.4100	-96	-38		
642	6.4200	-96	-35		
643	6.4300	-97	-33		
644	6.4400	-98	-30		
645	6.4500	-98	-27		
646	6.4600	-99	-24		
647	6.4700	-100	-22		
648	6.4800	-100	-19		
649	6.4900	-101	-17		
650	6.5000	-102	-14		
651	6.5100	-102	-12		
652	6.5200	-103	-10		
653	6.5300	-104	-7		
654	6.5400	-104	-5		
655	6.5500	-105	-3		
656	6.5600	-106	-2		
657	6.5700	-106	0		
658	6.5800	-106	1		
659	6.5900	-107	3		
660	6.6000	-108	4		
661	6.6100	-108	5		
662	6.6200	-108	6		
663	6.6300	-108	6		
664	6.6400	-109	7		
665	6.6500	-109	7		
666	6.6600	-109	7		
667	6.6700	-110	7		
668	6.6800	-110	7		
669	6.6900	-110	6		
670	6.7000	-110	6		
671	6.7100	-110	5		
672	6.7200	-110	4		
673	6.7300	-109	3		
674	6.7400	-109	1		
675	6.7500	-109	0		
676	6.7600	-108	-2		
677	6.7700	-108	-4		
678	6.7800	-108	-6		
679	6.7900	-108	-8		
680	6.8000	-107	-10		
681	6.8100	-106	-12		
682	6.8200	-106	-14		
683	6.8300	-106	-17		
684	6.8400	-105	-19		
685	6.8500	-104	-22		
686	6.8600	-104	-25		
687	6.8700	-103	-27		
688	6.8800	-102	-30		
689	6.8900	-102	-33		
690	6.9000	-101	-36		
691	6.9100	-100	-38		
692	6.9200	-100	-41		
693	6.9300	-99	-44		
694	6.9400	-98	-47		
695	6.9500	-98	-49		
696	6.9600	-97	-52		
697	6.9700	-96	-54		
698	6.9800	-96	-57		
699	6.9900	-95	-59		
700	7.0000	-94	-61		
701	7.0100	-94	-63		
702	7.0200	-94	-65		
703	7.0300	-93	-67		
704	7.0400	-92	-69		
705	7.0500	-92	-71		
706	7.0600	-92	-72		
707	7.0700	-91	-73		
708	7.0800	-90	-74		
709	7.0900	-90	-75		
710	7.1000	-90	-76		
711	7.1100	-90	-77		
712	7.1200	-89	-77		
713	7.1300	-89	-77		
714	7.1400	-89	-77		
715	7.1500	-89	-77		
716	7.1600	-88	-77		
717	7.1700	-88	-76		
718	7.1800	-88	-76		
719	7.1900	-88	-75		
720	7.2000	-88	-74		
721	7.2100	-89	-73		
722	7.2200	-89	-71		
723	7.2300	-89	-70		
724	7.2400	-89	-68		
725	7.2500	-90	-66		
726	7.2600	-90	-64		
727	7.2700	-90	-62		
728	7.2800	-91	-60		
729	7.2900	-91	-58		
730	7.3000	-92	-56		
731	7.3100	-92	-53		
732	7.3200	-93	-50		
733	7.3300	-93	-48		
734	7.3400	-94	-45		
735	7.3500	-94	-42		
736	7.3600	-95	-40		
737	7.3700	-96	-37		
738	7.3800	-96	-34		
739	7.3900	-97	-31		
740	7.4000	-98	-29		
741	7.4100	-98	-26		
742	7.4200	-99	-23		
743	7.4300	-100	-21		
744	7.4400	-101	-18		
745	7.4500	-102	-16		
746	7.4600	-102	-13		
747	7.4700	-103	-11		
748	7.4800	-104	-9		
749	7.4900	-104	-6		
750	7.5000	-105	-5		
751	7.5100	-105	-3		
752	7.5200	-106	-1		
753	7.5300	-106	0		
754	7.5400	-107	2		
755	7.5500	-107	3		
756	7.5600	-108	4		
757	7.5700	-108	5		
758	7.5800	-108	6		
759	7.5900	-109	6		
760	7.6000	-109	7		
761	7.6100	-109	7		
762	7.6200	-110	7		
763	7.6300	-110	7		
764	7.6400	-110	6		
765	7.6500	-110	6		
766	7.6600	-110	5		
767	7.6700	-110	4		
768	7.6800	-110	3		
769	7.6900	-109	2		
770	7.7000	-109	0		
771	7.7100	-109	-1		
772	7.7200	-108	-3		
773	7.7300	-108	-5		
774	7.7400	-108	-6		
775	7.7500	-107	-9		
776	7.7600	-107	-11		
777	7.7700	-106	-13		
778	7.7800	-106	-16		
779	7.7900	-105	-18		
780	7.8000	-104	-21		
781	7.8100	-104	-23		
782	7.8200	-104	-26		
783	7.8300	-103	-29		
784	7.8400	-102	-31		
785	7.8500	-102	-34		
786	7.8600	-101	-37		
787	7.8700	-100	-40		
788	7.8800	-100	-42		
789	7.8900	-99	-45		
790	7.9000	-98	-48		
791	7.9100	-98	-50		
792	7.9200	-97	-53		
793	7.9300	-96	-55		
794	7.9400	-96	-58		
795	7.9500	-95	-60		
796	7.9600	-94	-62		
797	7.9700	-94	-64		
798	7.9800	-93	-66		
799	7.9900	-92	-68		
800	8.0000	-92	-70		
801	8.0100	-92	-71		
802	8.0200	-91	-72		
803	8.0300	-91	-74		
804	8.0400	-90	-75		
805	8.0500	-90	-76		
806	8.0600	-90	-76		
807	8.0700	-89	-77		
808	8.0800	-89	-77		
809	8.0900	-89	-77		
810	8.1000	-89	-77		
811	8.1100	-88	-77		
812	8.1200	-88	-76		
813	8.1300	-88	-76		
814	8.1400	-88	-75		
815	8.1500	-88	-74		
816	8.1600	-89	-73		
817	8.1700	-89	-72		
818	8.1800	-89	-70		
819	8.1900	-89	-69		
820	8.2000	-90	-67		
821	8.2100	-90	-65		
822	8.2200	-90	-63		
823	8.2300	-90	-61		
824	8.2400	-91	-59		
825	8.2500	-92	-57		
826	8.2600	-92	-54		
827	8.2700	-92	-52		
828	8.2800	-93	-49		
829	8.2900	-94	-46		
830	8.3000	-94	-44		
831	8.3100	-95	-41		
832	8.3200	-96	-38		
833	8.3300	-96	-36		
834	8.3400	-97	-33		
835	8.3500	-98	-30		
836	8.3600	-98	-27		
837	8.3700	-99	-25		
838	8.3800	-100	-22		
839	8.3900	-100	-20		
840	8.4000	-101	-17		
841	8.4100	-102	-14		
842	8.4200	-102	-12		
843	8.4300	-103	-10		
844	8.4400	-104	-8		
845	8.4500	-104	-6		
846	8.4600	-105	-4		
847	8.4700	-106	-2		
848	8.4800	-106	0		
849	8.4900	-107	1		
850	8.5000	-107	2		
851	8.5100	-108	3		
852	8.5200	-108	4		
853	8.5300	-108	5		
854	8.5400	-109	6		
855	8.5500	-109	6		
856	8.5600	-109	6		
857	8.5700	-109	7		
858	8.5800	-110	6		
859	8.5900	-110	6		
860	8.6000	-110	6		
861	8.6100	-110	5		
862	8.6200	-110	4		
863	8.6300	-110	3		
864	8.6400	-109	2		
865	8.6500	-109	1		
866	8.6600	-109	0		
867	8.6700	-108	-2		
868	8.6800	-108	-4		
869	8.6900	-108	-6		
870	8.7000	-108	-8		
871	8.7100	-107	-10		
872	8.7200	-106	-12		
873	8.7300	-106	-15		
874	8.7400	-106	-17		
875	8.7500	-105	-20		
876	8.7600	-104	-22		
877	8.7700	-104	-25		
878	8.7800	-103	-27		
879	8.7900	-102	-30		
880	8.8000	-102	-33		
881	8.8100	-101	-36		
882	8.8200	-100	-38		
883	8.8300	-100	-41		
884	8.8400	-99	-44		
885	8.8500	-98	-46		
886	8.8600	-98	-49		
887	8.8700	-97	-52		
888	8.8800	-96	-54		
889	8.8900	-96	-56		
890	8.9000	-95	-59		
891	8.9100	-94	-61		
892	8.9200	-94	-63		
893	8.9300	-94	-65		
894	8.9400	-93	-67		
895	8.9500	-92	-69		
896	8.9600	-92	-70		
897	8.9700	-91	-72		
898	8.9800	-91	-73		
899	8.9900	-90	-74		
900	9.0000	-90	-75		
901	9.0100	-90	-76		
902	9.0200	-90	-76		
903	9.0300	-89	-76		
904	9.0400	-89	-77		
905	9.0500	-89	-77		
906	9.0600	-88	-77		
907	9.0700	-88	-76		
908	9.0800	-88	-76		
909	9.0900	-88	-75		
910	9.1000	-88	-74		
911	9.1100	-88	-73		
912	9.1200	-89	-72		
913	9.1300	-89	-71		
914	9.1400	-89	-69		
915	9.1500	-89	-68		
916	9.1600	-90	-66		
917	9.1700	-90	-64		
918	9.1800	-90	-62		
919	9.1900	-91	-60		
920	9.2000	-91	-58		
921	9.2100	-92	-55		
922	9.2200	-92	-53		
923	9.2300	-93	-50		
924	9.2400	-93	-48		
925	9.2500	-94	-45		
926	9.2600	-94	-42		
927	9.2700	-95	-40		
928	9.2800	-96	-37		
929	9.2900	-96	-34		
930	9.3000	-97	-32		
931	9.3100	-98	-29		
932	9.3200	-99	-26		
933	9.3300	-100	-23		
934	9.3400	-100	-21		
935	9.3500	-101	-18		
936	9.3600	-102	-16		
937	9.3700	-102	-13		
938	9.3800	-103	-11		
939	9.3900	-104	-9		
940	9.4000	-104	-7		
941	9.4100	-105	-5		
942	9.4200	-106	-3		
943	9.4300	-106	-1		
944	9.4400	-106	0		
945	9.4500	-107	1		
946	9.4600	-108	3		
947	9.4700	-108	4		
948	9.4800	-108	5		
949	9.4900	-108	5		
950	9.5000	-109	6		
951	9.5100	-109	6		
952	9.5200	-109	6		
953	9.5300	-110	6		
954	9.5400	-110	6		
955	9.5500	-110	6		
956	9.5600	-110	5		
957	9.5700	-110	4		
958	9.5800	-110	4		
959	9.5900	-109	2		
960	9.6000	-109	1		
961	9.6100	-109	0		
962	9.6200	-108	-2		
963	9.6300	-108	-3		
964	9.6400	-108	-5		
965	9.6500	-108	-7		
966	9.6600	-107	-9		
967	9.6700	-107	-11		
968	9.6800	-106	-14		
969	9.6900	-106	-16		
970	9.7000	-105	-18		
971	9.7100	-104	-21		
972	9.7200	-104	-24		
973	9.7300	-103	-26		
974	9.7400	-103	-29		
975	9.7500	-102	-32		
976	9.7600	-102	-34		
977	9.7700	-101	-37		
978	9.7800	-100	-40		
979	9.7900	-100	-42		
980	9.8000	-99	-45		
981	9.8100	-98	-48		
982	9.8200	-97	-50		
983	9.8300	-96	-53		
984	9.8400	-96	-55		
985	9.8500	-96	-58		
986	9.8600	-95	-60		
987	9.8700	-94	-62		
988	9.8800	-94	-64		
989	9.8900	-93	-66		
990	9.9000	-92	-68		
991	9.9100	-92	-69		
992	9.9200	-92	-71		
993	9.9300	-91	-72		
994	9.9400	-90	-73		
995	9.9500	-90	-74		
996	9.9600	-90	-75		
997	9.9700	-90	-76		
998	9.9800	-89	-76		
999	9.9900	-89	-76		
1000	10.0000	-89	-77		
1001	10.0100	-89	-76		
1002	10.0200	-88	-76		
1003	10.0300	-88	-76		
1004	10.0400	-88	-75		
1005	10.0500	-88	-74		
1006	10.0600	-88	-74		
1007	10.0700	-89	-72		
1008	10.0800	-89	-71		
1009	10.0900	-89	-70		
1010	10.1000	-89	-68		
1011	10.1100	-90	-66		
1012	10.1200	-90	-65		
1013	10.1300	-90	-63		
1014	10.1400	-90	-61		
1015	10.1500	-91	-58		
1016	10.1600	-92	-56		
1017	10.1700	-92	-54		
1018	10.1800	-92	-51		
1019	10.1900	-93	-49		
1020	10.2000	-94	-46		
1021	10.2100	-94	-43		
1022	10.2200	-95	-41		
1023	10.2300	-96	-38		
1024	10.2400	-96	-35		
1025	10.2500	-97	-32		
1026	10.2600	-98	-30		
1027	10.2700	-98	-27		
1028	10.2800	-99	-24		
1029	10.2900	-100	-22		
1030	10.3000	-100	-19		
1031	10.3100	-101	-17		
1032	10.3200	-102	-14		
1033	10.3300	-102	-12		
1034	10.3400	-103	-10		
1035	10.3500	-104	-8		
1036	10.3600	-104	-6		
1037	10.3700	-105	-4		
1038	10.3800	-106	-2		
1039	10.3900	-106	-1		
1040	10.4000	-107	1		
1041	10.4100	-107	2		
1042	10.4200	-108	3		
1043	10.4300	-108	4		
1044	10.4400	-108	5		
1045	10.4500	-109	5		
1046	10.4600	-109	6		
1047	10.4700	-109	6		
1048	10.4800	-110	6		
1049	10.4900	-110	6		
1050	10.5000	-110	6		
1051	10.5100	-110	5		
1052	10.5200	-110	5		
1053	10.5300	-110	4		
1054	10.5400	-110	3		
1055	10.5500	-109	2		
1056	10.5600	-109	0		
1057	10.5700	-109	-1		
1058	10.5800	-108	-3		
1059	10.5900	-108	-4		
1060	10.6000	-108	-6		
1061	10.6100	-107	-8		
1062	10.6200	-107	-11		
1063	10.6300	-106	-13		
1064	10.6400	-106	-15		
1065	10.6500	-106	-18		
1066	10.6600	-105	-20		
1067	10.6700	-104	-23		
1068	10.6800	-104	-25		
1069	10.6900	-103	-28		
1070	10.7000	-102	-31		
1071	10.7100	-102	-33		
1072	10.7200	-101	-36		
1073	10.7300	-100	-39		
1074	10.7400	-100	-42		
1075	10.7500	-99	-44		
1076	10.7600	-98	-47		
1077	10.7700	-98	-49		
1078	10.7800	-97	-52		
1079	10.7900	-96	-54		
1080	10.8000	-96	-57		
1081	10.8100	-95	-59		
1082	10.8200	-94	-61		
1083	10.8300	-94	-63		
1084	10.8400	-94	-65		
1085	10.8500	-93	-67		
1086	10.8600	-92	-68		
1087	10.8700	-92	-70		
1088	10.8800	-91	-71		
1089	10.8900	-91	-72		
1090	10.9000	-90	-74		
1091	10.9100	-90	-74		
1092	10.9200	-90	-75		
1093	10.9300	-90	-76		
1094	10.9400	-89	-76		
1095	10.9500	-89	-76		
1096	10.9600	-89	-76		
1097	10.9700	-89	-76		
1098	10.9800	-89	-76		
1099	10.9900	-88	-75		
1100	11.0000	-88	-74		
1101	11.0100	-88	-74		
1102	11.0200	-89	-73		
1103	11.0300	-89	-71		
1104	11.0400	-89	-70		
1105	11.0500	-89	-69		
1106	11.0600	-90	-67		
1107	11.0700	-90	-65		
1108	11.0800	-90	-63		
1109	11.0900	-90	-61		
1110	11.1000	-91	-59		
1111	11.1100	-92	-57		
1112	11.1200	-92	-54		
1113	11.1300	-92	-52		
1114	11.1400	-93	-49		
1115	11.1500	-94	-47		
1116	11.1600	-94	-44		
1117	11.1700	-95	-42		
1118	11.1800	-96	-39		
1119	11.1900	-96	-36		
1120	11.2000	-97	-34		
1121	11.2100	-98	-31		
1122	11.2200	-98	-28		
1123	11.2300	-99	-26		
1124	11.2400	-100	-23		
1125	11.2500	-100	-20		
1126	11.2600	-101	-18		
1127	11.2700	-102	-16		
1128	11.2800	-102	-13		
1129	11.2900	-103	-11		
1130	11.3000	-104	-9		
1131	11.3100	-104	-7		
1132	11.3200	-105	-5		
1133	11.3300	-106	-3		
1134	11.3400	-106	-2		
1135	11.3500	-106	0		
1136	11.3600	-107	1		
1137	11.3700	-108	2		
1138	11.3800	-108	3		
1139	11.3900	-108	4		
1140	11.4000	-108	5		
1141	11.4100	-109	5		
1142	11.4200	-109	6		
1143	11.4300	-109	6		
1144	11.4400	-110	6		
1145	11.4500	-110	6		
1146	11.4600	-110	5		
1147	11.4700	-110	4		
1148	11.4800	-110	4		
1149	11.4900	-110	3		
1150	11.5000	-109	2		
1151	11.5100	-109	0		
1152	11.5200	-109	-1		
1153	11.5300	-108	-2		
1154	11.5400	-108	-4		
1155	11.5500	-108	-6		
1156	11.5600	-108	-8		
1157	11.5700	-107	-10		
1158	11.5800	-106	-12		
1159	11.5900	-106	-14		
1160	11.6000	-106	-17		
1161	11.6100	-105	-19		
1162	11.6200	-104	-22		
1163	11.6300	-104	-24		
1164	11.6400	-103	-27		
1165	11.6500	-102	-30		
1166	11.6600	-102	-32		
1167	11.6700	-101	-35		
1168	11.6800	-100	-38		
1169	11.6900	-100	-40		
1170	11.7000	-99	-43		
1171	11.7100	-98	-46		
1172	11.7200	-98	-48		
1173	11.7300	-97	-51		
1174	11.7400	-96	-53		
1175	11.7500	-96	-56		
1176	11.7600	-95	-58		
1177	11.7700	-94	-60		
1178	11.7800	-94	-62		
1179	11.7900	-94	-64		
1180	11.8000	-93	-66		
1181	11.8100	-92	-68		
1182	11.8200	-92	-69		
1183	11.8300	-91	-71		
1184	11.8400	-91	-72		
1185	11.8500	-90	-73		
1186	11.8600	-90	-74		
1187	11.8700	-90	-75		
1188	11.8800	-90	-75		
1189	11.8900	-89	-76		
1190	11.9000	-89	-76		
1191	11.9100	-89	-76		
1192	11.9200	-88	-76		
1193	11.9300	-88	-76		
1194	11.9400	-88	-75		
1195	11.9500	-88	-75		
1196	11.9600	-88	-74		
1197	11.9700	-88	-73		
1198	11.9800	-88	-72		
1199	11.9900	-89	-70		
1200	12.0000	-89	-69		
1201	12.0100	-89	-67		
1202	12.0200	-90	-66		
1203	12.0300	-90	-64		
1204	12.0400	-90	-62		
1205	12.0500	-90	-60		
1206	12.0600	-91	-58		
1207	12.0700	-92	-55		
1208	12.0800	-92	-53		
1209	12.0900	-92	-50		
1210	12.1000	-93	-48		
1211	12.1100	-94	-45		
1212	12.1200	-94	-42		
1213	12.1300	-95	-40		
1214	12.1400	-96	-37		
1215	12.1500	-96	-34		
1216	12.1600	-97	-32		
1217	12.1700	-98	-29		
1218	12.1800	-98	-26		
1219	12.1900	-99	-24		
1220	12.2000	-100	-21		
1221	12.2100	-100	-19		
1222	12.2200	-101	-16		
1223	12.2300	-102	-14		
1224	12.2400	-102	-12		
1225	12.2500	-103	-10		
1226	12.2600	-104	-8		
1227	12.2700	-104	-6		
1228	12.2800	-105	-4		
1229	12.2900	-106	-2		
1230	12.3000	-106	-1		
1231	12.3100	-107	1		
1232	12.3200	-107	2		
1233	12.3300	-108	3		
1234	12.3400	-108	4		
1235	12.3500	-108	5		
1236	12.3600	-109	5		
1237	12.3700	-109	6		
1238	12.3800	-109	6		
1239	12.3900	-109	6		
1240	12.4000	-110	6		
1241	12.4100	-110	5		
1242	12.4200	-110	5		
1243	12.4300	-110	4		
1244	12.4400	-110	3		
1245	12.4500	-110	2		
1246	12.4600	-109	1		
1247	12.4700	-109	0		
1248	12.4800	-108	-2		
1249	12.4900	-108	-4		
1250	12.5000	-108	-6		
1251	12.5100	-108	-7		
1252	12.5200	-107	-9		
1253	12.5300	-107	-12		
1254	12.5400	-106	-14		
1255	12.5500	-106	-16		
1256	12.5600	-105	-19		
1257	12.5700	-105	-21		
1258	12.5800	-104	-24		
1259	12.5900	-104	-26		
1260	12.6000	-103	-29		
1261	12.6100	-102	-32		
1262	12.6200	-102	-34		
1263	12.6300	-101	-37		
1264	12.6400	-100	-40		
1265	12.6500	-100	-42		
1266	12.6600	-99	-45		
1267	12.6700	-98	-48		
1268	12.6800	-98	-50		
1269	12.6900	-97	-52		
1270	12.7000	-96	-55		
1271	12.7100	-96	-57		
1272	12.7200	-95	-59		
1273	12.7300	-94	-62		
1274	12.7400	-94	-64		
1275	12.7500	-93	-65		
1276	12.7600	-92	-67		
1277	12.7700	-92	-69		
1278	12.7800	-92	-70		
1279	12.7900	-91	-71		
1280	12.8000	-90	-73		
1281	12.8100	-90	-74		
1282	12.8200	-90	-74		
1283	12.8300	-90	-75		
1284	12.8400	-89	-76		
1285	12.8500	-89	-76		
1286	12.8600	-89	-76		
1287	12.8700	-89	-76		
1288	12.8800	-88	-76		
1289	12.8900	-88	-75		
1290	12.9000	-88	-75		
1291	12.9100	-88	-74		
1292	12.9200	-88	-73		
1293	12.9300	-88	-72		
1294	12.9400	-89	-71		
1295	12.9500	-89	-69		
1296	12.9600	-89	-68		
1297	12.9700	-90	-66		
1298	12.9800	-90	-64		
1299	12.9900	-90	-62		
1300	13.0000	-90	-60		
1301	13.0100	-91	-58		
1302	13.0200	-91	-56		
1303	13.0300	-92	-54		
1304	13.0400	-92	-51		
1305	13.0500	-93	-49		
1306	13.0600	-94	-46		
1307	13.0700	-94	-43		
1308	13.0800	-95	-41		
1309	13.0900	-96	-38		
1310	13.1000	-96	-35		
1311	13.1100	-97	-33		
1312	13.1200	-98	-30		
1313	13.1300	-98	-27		
1314	13.1400	-99	-25		
1315	13.1500	-100	-22		
1316	13.1600	-100	-20		
1317	13.1700	-101	-17		
1318	13.1800	-102	-15		
1319	13.1900	-102	-13		
1320	13.2000	-103	-10		
1321	13.2100	-104	-8		
1322	13.2200	-104	-6		
1323	13.2300	-105	-4		
1324	13.2400	-106	-3		
1325	13.2500	-106	-1		
1326	13.2600	-106	0		
1327	13.2700	-107	2		
1328	13.2800	-108	3		
1329	13.2900	-108	4		
1330	13.3000	-108	4		
1331	13.3100	-108	5		
1332	13.3200	-109	5		
1333	13.3300	-109	6		
1334	13.3400	-109	6		
1335	13.3500	-110	6		
1336	13.3600	-110	5		
1337	13.3700	-110	5		
1338	13.3800	-110	4		
1339	13.3900	-110	3		
1340	13.4000	-110	2		
1341	13.4100	-109	1		
1342	13.4200	-109	0		
1343	13.4300	-109	-2		
1344	13.4400	-108	-3		
1345	13.4500	-108	-5		
1346	13.4600	-108	-7		
1347	13.4700	-108	-9		
1348	13.4800	-107	-11		
1349	13.4900	-106	-13		
1350	13.5000	-106	-15		
1351	13.5100	-106	-18		
1352	13.5200	-105	-20		
1353	13.5300	-104	-23		
1354	13.5400	-104	-25		
1355	13.5500	-103	-28		
1356	13.5600	-102	-31		
1357	13.5700	-102	-33		
1358	13.5800	-101	-36		
1359	13.5900	-100	-39		
1360	13.6000	-100	-41		
1361	13.6100	-99	-44		
1362	13.6200	-98	-47		
1363	13.6300	-98	-49		
1364	13.6400	-97	-52		
1365	13.6500	-96	-54		
1366	13.6600	-96	-56		
1367	13.6700	-95	-59		
1368	13.6800	-94	-61		
1369	13.6900	-94	-63		
1370	13.7000	-94	-65		
1371	13.7100	-93	-67		
1372	13.7200	-92	-68		
1373	13.7300	-92	-70		
1374	13.7400	-91	-71		
1375	13.7500	-91	-72		
1376	13.7600	-90	-73		
1377	13.7700	-90	-74		
1378	13.7800	-90	-75		
1379	13.7900	-90	-76		
1380	13.8000	-89	-76		
1381	13.8100	-89	-76		
1382	13.8200	-89	-76		
1383	13.8300	-89	-76		
1384	13.8400	-89	-76		
1385	13.8500	-88	-75		
1386	13.8600	-88	-75		
1387	13.8700	-88	-74		
1388	13.8800	-89	-73		
1389	13.8900	-89	-72		
1390	13.9000	-89	-70		
1391	13.9100	-89	-69		
1392	13.9200	-90	-67		
1393	13.9300	-90	-65		
1394	13.9400	-90	-63		
1395	13.9500	-90	-61		
1396	13.9600	-91	-59		
1397	13.9700	-91	-57		
1398	13.9800	-92	-55		
1399	13.9900	-92	-52		
1400	14.0000	-93	-50		
1401	14.0100	-94	-47		
1402	14.0200	-94	-44		
1403	14.0300	-95	-42		
1404	14.0400	-95	-39		
1405	14.0500	-96	-36		
1406	14.0600	-97	-34		
1407	14.0700	-98	-31		
1408	14.0800	-98	-28		
1409	14.0900	-99	-26		
1410	14.1000	-100	-23		
1411	14.1100	-100	-21		
1412	14.1200	-101	-18		
1413	14.1300	-102	-16		
1414	14.1400	-102	-13		
1415	14.1500	-103	-11		
1416	14.1600	-104	-9		
1417	14.1700	-104	-7		
1418	14.1800	-105	-5		
1419	14.1900	-106	-3		
1420	14.2000	-106	-2		
1421	14.2100	-106	0		
1422	14.2200	-107	1		
1423	14.2300	-108	2		
1424	14.2400	-108	3		
1425	14.2500	-108	4		
1426	14.2600	-109	5		
1427	14.2700	-109	5		
1428	14.2800	-109	6		
1429	14.2900	-109	6		
1430	14.3000	-110	6		
1431	14.3100	-110	6		
1432	14.3200	-110	5		
1433	14.3300	-110	5		
1434	14.3400	-110	4		
1435	14.3500	-110	3		
1436	14.3600	-110	2		
1437	14.3700	-109	1		
1438	14.3800	-109	-1		
1439	14.3900	-109	-2		
1440	14.4000	-108	-4		
1441	14.4100	-108	-6		
1442	14.4200	-108	-8		
1443	14.4300	-107	-10		
1444	14.4400	-107	-12		
1445	14.4500	-106	-14		
1446	14.4600	-106	-16		
1447	14.4700	-105	-19		
1448	14.4800	-104	-21		
1449	14.4900	-104	-24		
1450	14.5000	-104	-26		
1451	14.5100	-103	-29		
1452	14.5200	-102	-32		
1453	14.5300	-102	-34		
1454	14.5400	-101	-37		
1455	14.5500	-100	-40		
1456	14.5600	-100	-42		
1457	14.5700	-99	-45		
1458	14.5800	-98	-48		
1459	14.5900	-98	-50		
1460	14.6000	-97	-53		
1461	14.6100	-96	-55		
1462	14.6200	-96	-57		
1463	14.6300	-95	-60		
1464	14.6400	-94	-62		
1465	14.6500	-94	-64		
1466	14.6600	-93	-66		
1467	14.6700	-92	-68		
1468	14.6800	-92	-69		
1469	14.6900	-92	-71		
1470	14.7000	-91	-72		
1471	14.7100	-90	-73		
1472	14.7200	-90	-74		
1473	14.7300	-90	-75		
1474	14.7400	-90	-76		
1475	14.7500	-89	-76		
1476	14.7600	-89	-76		
1477	14.7700	-89	-77		
1478	14.7800	-88	-77		
1479	14.7900	-88	-76		
1480	14.8000	-88	-76		
1481	14.8100	-88	-75		
1482	14.8200	-88	-75		
1483	14.8300	-88	-74		
1484	14.8400	-88	-73		
1485	14.8500	-89	-71		
1486	14.8600	-89	-70		
1487	14.8700	-89	-68		
1488	14.8800	-90	-67		
1489	14.8900	-90	-65		
1490	14.9000	-90	-63		
1491	14.9100	-90	-61		
1492	14.9200	-91	-58		
1493	14.9300	-92	-56		
1494	14.9400	-92	-54		
1495	14.9500	-92	-51		
1496	14.9600	-93	-49		
1497	14.9700	-94	-46		
1498	14.9800	-94	-44		
1499	14.9900	-95	-41		
1500	15.0000	-96	-38		
1501	15.0100	-96	-36		
1502	15.0200	-97	-33		
1503	15.0300	-98	-30		
1504	15.0400	-98	-27		
1505	15.0500	-99	-25		
1506	15.0600	-100	-22		
1507	15.0700	-100	-20		
1508	15.0800	-101	-17		
1509	15.0900	-102	-15		
1510	15.1000	-102	-12		
1511	15.1100	-103	-10		
1512	15.1200	-104	-8		
1513	15.1300	-104	-6		
1514	15.1400	-105	-4		
1515	15.1500	-106	-3		
1516	15.1600	-106	-1		
1517	15.1700	-107	0		
1518	15.1800	-107	2		
1519	15.1900	-108	3		
1520	15.2000	-108	4		
1521	15.2100	-108	4		
1522	15.2200	-108	5		
1523	15.2300	-109	6		
1524	15.2400	-109	6		
1525	15.2500	-109	6		
1526	15.2600	-110	6		
1527	15.2700	-110	6		
1528	15.2800	-110	5		
1529	15.2900	-110	4		
1530	15.3000	-110	4		
1531	15.3100	-110	3		
1532	15.3200	-109	2		
1533	15.3300	-109	0		
1534	15.3400	-109	-1		
1535	15.3500	-108	-3		
1536	15.3600	-108	-4		
1537	15.3700	-108	-6		
1538	15.3800	-107	-8		
1539	15.3900	-107	-10		
1540	15.4000	-106	-13		
1541	15.4100	-106	-15		
1542	15.4200	-105	-17		
1543	15.4300	-105	-20		
1544	15.4400	-104	-22		
1545	15.4500	-104	-25		
1546	15.4600	-103	-28		
1547	15.4700	-102	-30		
1548	15.4800	-102	-33		
1549	15.4900	-101	-36		
1550	15.5000	-100	-38		
1551	15.5100	-100	-41		
1552	15.5200	-99	-44		
1553	15.5300	-98	-46		
1554	15.5400	-98	-49		
1555	15.5500	-97	-51		
1556	15.5600	-96	-54		
1557	15.5700	-96	-56		
1558	15.5800	-95	-58		
1559	15.5900	-94	-60		
1560	15.6000	-94	-63		
1561	15.6100	-93	-65		
1562	15.6200	-93	-66		
1563	15.6300	-92	-68		
1564	15.6400	-92	-70		
1565	15.6500	-91	-71		
1566	15.6600	-91	-72		
1567	15.6700	-90	-73		
1568	15.6800	-90	-74		
1569	15.6900	-90	-75		
1570	15.7000	-90	-76		
1571	15.7100	-89	-76		
1572	15.7200	-89	-76		
1573	15.7300	-89	-76		
1574	15.7400	-88	-76		
1575	15.7500	-88	-76		
1576	15.7600	-88	-75		
1577	15.7700	-88	-75		
1578	15.7800	-88	-74		
1579	15.7900	-88	-73		
1580	15.8000	-89	-72		
1581	15.8100	-89	-70		
1582	15.8200	-89	-69		
1583	15.8300	-89	-67		
1584	15.8400	-90	-65		
1585	15.8500	-90	-64		
1586	15.8600	-90	-62		
1587	15.8700	-91	-59		
1588	15.8800	-91	-57		
1589	15.8900	-92	-55		
1590	15.9000	-92	-52		
1591	15.9100	-93	-50		
1592	15.9200	-94	-47		
1593	15.9300	-94	-45		
1594	15.9400	-94	-42		
1595	15.9500	-95	-40		
1596	15.9600	-96	-37		
1597	15.9700	-97	-34		
1598	15.9800	-97	-31		
1599	15.9900	-98	-29		
1600	16.0000	-99	-26		
1601	16.0100	-100	-24		
1602	16.0200	-100	-21		
1603	16.0300	-101	-18		
1604	16.0400	-102	-16		
1605	16.0500	-102	-14		
1606	16.0600	-103	-11		
1607	16.0700	-104	-9		
1608	16.0800	-104	-7		
1609	16.0900	-105	-5		
1610	16.1000	-106	-4		
1611	16.1100	-106	-2		
1612	16.1200	-106	0		
1613	16.1300	-107	1		
1614	16.1400	-108	2		
1615	16.1500	-108	3		
1616	16.1600	-108	4		
1617	16.1700	-108	5		
1618	16.1800	-109	5		
1619	16.1900	-109	6		
1620	16.2000	-109	6		
1621	16.2100	-110	6		
1622	16.2200	-110	5		
1623	16.2300	-110	5		
1624	16.2400	-110	4		
1625	16.2500	-110	4		
1626	16.2600	-110	3		
1627	16.2700	-109	2		
1628	16.2800	-109	1		
1629	16.2900	-109	-1		
1630	16.3000	-108	-2		
1631	16.3100	-108	-4		
1632	16.3200	-108	-6		
1633	16.3300	-108	-8		
1634	16.3400	-107	-10		
1635	16.3500	-106	-12		
1636	16.3600	-106	-14		
1637	16.3700	-106	-17		
1638	16.3800	-105	-19		
1639	16.3900	-104	-22		
1640	16.4000	-104	-24		
1641	16.4100	-103	-27		
1642	16.4200	-102	-29		
1643	16.4300	-102	-32		
1644	16.4400	-101	-35		
1645	16.4500	-100	-37		
1646	16.4600	-100	-40		
1647	16.4700	-99	-43		
1648	16.4800	-98	-45		
1649	16.4900	-98	-48		
1650	16.5000	-97	-50		
1651	16.5100	-96	-53		
1652	16.5200	-96	-55		
1653	16.5300	-95	-58		
1654	16.5400	-94	-60		
1655	16.5500	-94	-62		
1656	16.5600	-94	-64		
1657	16.5700	-93	-66		
1658	16.5800	-92	-67		
1659	16.5900	-92	-69		
1660	16.6000	-92	-70		
1661	16.6100	-91	-72		
1662	16.6200	-90	-73		
1663	16.6300	-90	-74		
1664	16.6400	-90	-74		
1665	16.6500	-90	-75		
1666	16.6600	-89	-76		
1667	16.6700	-89	-76		
1668	16.6800	-89	-76		
1669	16.6900	-88	-76		
1670	16.7000	-88	-76		
1671	16.7100	-88	-75		
1672	16.7200	-88	-74		
1673	16.7300	-88	-74		
1674	16.7400	-88	-73		
1675	16.7500	-89	-72		
1676	16.7600	-89	-70		
1677	16.7700	-89	-69		
1678	16.7800	-89	-68		
1679	16.7900	-90	-66		
1680	16.8000	-90	-64		
1681	16.8100	-90	-62		
1682	16.8200	-91	-60		
1683	16.8300	-91	-58		
1684	16.8400	-92	-55		
1685	16.8500	-92	-53		
1686	16.8600	-92	-51		
1687	16.8700	-93	-48		
1688	16.8800	-94	-46		
1689	16.8900	-94	-43		
1690	16.9000	-95	-40		
1691	16.9100	-96	-38		
1692	16.9200	-96	-35		
1693	16.9300	-97	-32		
1694	16.9400	-98	-30		
1695	16.9500	-98	-27		
1696	16.9600	-99	-24		
1697	16.9700	-100	-22		
1698	16.9800	-100	-19		
1699	16.9900	-101	-17		
1700	17.0000	-102	-14		
1701	17.0100	-103	-12		
1702	17.0200	-103	-10		
1703	17.0300	-104	-8		
1704	17.0400	-104	-6		
1705	17.0500	-105	-4		
1706	17.0600	-106	-3		
1707	17.0700	-106	-1		
1708	17.0800	-107	0		
1709	17.0900	-107	2		
1710	17.1000	-108	3		
1711	17.1100	-108	4		
1712	17.1200	-108	4		
1713	17.1300	-109	5		
1714	17.1400	-109	5		
1715	17.1500	-109	5		
1716	17.1600	-110	5		
1717	17.1700	-110	5		
1718	17.1800	-110	5		
1719	17.1900	-110	4		
1720	17.2000	-110	4		
1721	17.2100	-110	3		
1722	17.2200	-110	2		
1723	17.2300	-109	1		
1724	17.2400	-109	0		
1725	17.2500	-109	-2		
1726	17.2600	-108	-4		
1727	17.2700	-108	-5		
1728	17.2800	-108	-7		
1729	17.2900	-107	-9		
1730	17.3000	-107	-11		
1731	17.3100	-106	-13		
1732	17.3200	-106	-16		
1733	17.3300	-105	-18		
1734	17.3400	-105	-21		
1735	17.3500	-104	-23		
1736	17.3600	-104	-26		
1737	17.3700	-103	-28		
1738	17.3800	-102	-31		
1739	17.3900	-102	-34		
1740	17.4000	-101	-36		
1741	17.4100	-100	-39		
1742	17.4200	-100	-42		
1743	17.4300	-99	-44		
1744	17.4400	-98	-47		
1745	17.4500	-98	-50		
1746	17.4600	-97	-52		
1747	17.4700	-96	-54		
1748	17.4800	-96	-57		
1749	17.4900	-95	-59		
1750	17.5000	-94	-61		
1751	17.5100	-94	-63		
1752	17.5200	-93	-65		
1753	17.5300	-92	-67		
1754	17.5400	-92	-68		
1755	17.5500	-92	-70		
1756	17.5600	-91	-71		
1757	17.5700	-90	-72		
1758	17.5800	-90	-73		
1759	17.5900	-90	-74		
1760	17.6000	-90	-75		
1761	17.6100	-89	-75		
1762	17.6200	-89	-76		
1763	17.6300	-89	-76		
1764	17.6400	-89	-76		
1765	17.6500	-88	-76		
1766	17.6600	-88	-75		
1767	17.6700	-88	-75		
1768	17.6800	-88	-74		
1769	17.6900	-88	-73		
1770	17.7000	-88	-72		
1771	17.7100	-89	-71		
1772	17.7200	-89	-70		
1773	17.7300	-89	-68		
1774	17.7400	-90	-66		
1775	17.7500	-90	-64		
1776	17.7600	-90	-63		
1777	17.7700	-90	-61		
1778	17.7800	-91	-58		
1779	17.7900	-92	-56		
1780	17.8000	-92	-54		
1781	17.8100	-92	-51		
1782	17.8200	-93	-49		
1783	17.8300	-94	-46		
1784	17.8400	-94	-44		
1785	17.8500	-95	-41		
1786	17.8600	-96	-38		
1787	17.8700	-96	-36		
1788	17.8800	-97	-33		
1789	17.8900	-98	-30		
1790	17.9000	-98	-28		
1791	17.9100	-99	-25		
1792	17.9200	-100	-23		
1793	17.9300	-100	-20		
1794	17.9400	-101	-18		
1795	17.9500	-102	-15		
1796	17.9600	-102	-13		
1797	17.9700	-103	-11		
1798	17.9800	-104	-9		
1799	17.9900	-104	-7		
1800	18.0000	-105	-5		
1801	18.0100	-106	-3		
1802	18.0200	-106	-2		
1803	18.0300	-106	0		
1804	18.0400	-107	1		
1805	18.0500	-108	2		
1806	18.0600	-108	3		
1807	18.0700	-108	4		
1808	18.0800	-108	5		
1809	18.0900	-109	5		
1810	18.1000	-109	6		
1811	18.1100	-109	6		
1812	18.1200	-110	6		
1813	18.1300	-110	5		
1814	18.1400	-110	5		
1815	18.1500	-110	4		
1816	18.1600	-110	3		
1817	18.1700	-110	2		
1818	18.1800	-109	1		
1819	18.1900	-109	0		
1820	18.2000	-109	-1		
1821	18.2100	-108	-3		
1822	18.2200	-108	-5		
1823	18.2300	-108	-6		
1824	18.2400	-108	-8		
1825	18.2500	-107	-10		
1826	18.2600	-106	-13		
1827	18.2700	-106	-15		
1828	18.2800	-106	-17		
1829	18.2900	-105	-20		
1830	18.3000	-104	-22		
1831	18.3100	-104	-25		
1832	18.3200	-103	-28		
1833	18.3300	-102	-30		
1834	18.3400	-102	-33		
1835	18.3500	-101	-36		
1836	18.3600	-100	-38		
1837	18.3700	-100	-41		
1838	18.3800	-99	-44		
1839	18.3900	-98	-46		
1840	18.4000	-98	-49		
1841	18.4100	-97	-51		
1842	18.4200	-96	-54		
1843	18.4300	-96	-56		
1844	18.4400	-95	-58		
1845	18.4500	-94	-60		
1846	18.4600	-94	-62		
1847	18.4700	-94	-64		
1848	18.4800	-93	-66		
1849	18.4900	-92	-68		
1850	18.5000	-92	-69		
1851	18.5100	-91	-71		
1852	18.5200	-91	-72		
1853	18.5300	-90	-73		
1854	18.5400	-90	-74		
1855	18.5500	-90	-75		
1856	18.5600	-90	-75		
1857	18.5700	-89	-76		
1858	18.5800	-89	-76		
1859	18.5900	-89	-76		
1860	18.6000	-89	-76		
1861	18.6100	-88	-75		
1862	18.6200	-88	-75		
1863	18.6300	-88	-74		
1864	18.6400	-88	-73		
1865	18.6500	-88	-72		
1866	18.6600	-89	-71		
1867	18.6700	-89	-70		
1868	18.6800	-89	-68		
1869	18.6900	-90	-67		
1870	18.7000	-90	-65		
1871	18.7100	-90	-63		
1872	18.7200	-90	-61		
1873	18.7300	-91	-59		
1874	18.7400	-91	-57		
1875	18.7500	-92	-55		
1876	18.7600	-92	-52		
1877	18.7700	-93	-50		
1878	18.7800	-94	-47		
1879	18.7900	-94	-45		
1880	18.8000	-94	-42		
1881	18.8100	-95	-39		
1882	18.8200	-96	-37		
1883	18.8300	-96	-34		
1884	18.8400	-97	-31		
1885	18.8500	-98	-29		
1886	18.8600	-99	-26		
1887	18.8700	-100	-24		
1888	18.8800	-100	-21		
1889	18.8900	-101	-18		
1890	18.9000	-102	-16		
1891	18.9100	-102	-14		
1892	18.9200	-103	-12		
1893	18.9300	-104	-9		
1894	18.9400	-104	-7		
1895	18.9500	-105	-5		
1896	18.9600	-106	-4		
1897	18.9700	-106	-2		
1898	18.9800	-106	0		
1899	18.9900	-107	1		
1900	19.0000	-108	2		
1901	19.0100	-108	3		
1902	19.0200	-108	4		
1903	19.0300	-108	4		
1904	19.0400	-109	5		
1905	19.0500	-109	5		
1906	19.0600	-109	6		
1907	19.0700	-110	6		
1908	19.0800	-110	5		
1909	19.0900	-110	5		
1910	19.1000	-110	4		
1911	19.1100	-110	4		
1912	19.1200	-110	3		
1913	19.1300	-110	2		
1914	19.1400	-109	0		
1915	19.1500	-109	-1		
1916	19.1600	-109	-2		
1917	19.1700	-108	-4		
1918	19.1800	-108	-6		
1919	19.1900	-108	-8		
1920	19.2000	-107	-10		
1921	19.2100	-107	-12		
1922	19.2200	-106	-14		
1923	19.2300	-106	-17		
1924	19.2400	-105	-19		
1925	19.2500	-104	-22		
1926	19.2600	-104	-24		
1927	19.2700	-104	-27		
1928	19.2800	-103	-29		
1929	19.2900	-102	-32		
1930	19.3000	-102	-35		
1931	19.3100	-101	-37		
1932	19.3200	-100	-40		
1933	19.3300	-100	-43		
1934	19.3400	-99	-45		
1935	19.3500	-98	-48		
1936	19.3600	-98	-50		
1937	19.3700	-97	-53		
1938	19.3800	-96	-55		
1939	19.3900	-96	-58		
1940	19.4000	-95	-60		
1941	19.4100	-94	-62		
1942	19.4200	-94	-64		
1943	19.4300	-93	-66		
1944	19.4400	-92	-67		
1945	19.4500	-92	-69		
1946	19.4600	-92	-70		
1947	19.4700	-91	-72		
1948	19.4800	-90	-73		
1949	19.4900	-90	-74		
1950	19.5000	-90	-74		
1951	19.5100	-90	-75		
1952	19.5200	-89	-76		
1953	19.5300	-89	-76		
1954	19.5400	-89	-76		
1955	19.5500	-89	-76		
1956	19.5600	-88	-76		
1957	19.5700	-88	-75		
1958	19.5800	-88	-74		
1959	19.5900	-88	-74		
1960	19.6000	-88	-73		
1961	19.6100	-89	-72		
1962	19.6200	-89	-70		
1963	19.6300	-89	-69		
1964	19.6400	-89	-67		
1965	19.6500	-90	-66		
1966	19.6600	-90	-64		
1967	19.6700	-90	-62		
1968	19.6800	-90	-60		
1969	19.6900	-91	-58		
1970	19.7000	-92	-55		
1971	19.7100	-92	-53		
1972	19.7200	-92	-50		
1973	19.7300	-93	-48		
1974	19.7400	-94	-46		
1975	19.7500	-94	-43		
1976	19.7600	-95	-40		
1977	19.7700	-96	-38		
1978	19.7800	-96	-35		
1979	19.7900	-97	-32		
1980	19.8000	-98	-30		
1981	19.8100	-98	-27		
1982	19.8200	-99	-24		
1983	19.8300	-100	-22		
1984	19.8400	-100	-19		
1985	19.8500	-101	-17		
1986	19.8600	-102	-14		
1987	19.8700	-102	-12		
1988	19.8800	-103	-10		
1989	19.8900	-104	-8		
1990	19.9000	-104	-6		
1991	19.9100	-105	-4		
1992	19.9200	-106	-2		
1993	19.9300	-106	-1		
1994	19.9400	-107	0		
1995	19.9500	-107	2		
1996	19.9600	-108	3		
1997	19.9700	-108	4		
1998	19.9800	-108	4		
1999	19.9900	-109	5		
2000	20.0000	-109	5		
