#	time(s)	count A	count B	count C	count D
1	0.0100	-93	-102		
2	0.0200	-92	-104		
3	0.0300	-92	-106		
4	0.0400	-92	-107		
5	0.0500	-91	-109		
6	0.0600	-91	-110		
7	0.0700	-90	-110		
8	0.0800	-90	-111		
9	0.0900	-90	-111		
10	0.1000	-90	-110		
11	0.1100	-89	-110		
12	0.1200	-89	-109		
13	0.1300	-89	-108		
14	0.1400	-89	-106		
15	0.1500	-88	-105		
16	0.1600	-88	-103		
17	0.1700	-88	-100		
18	0.1800	-88	-98		
19	0.1900	-89	-95		
20	0.2000	-89	-92		
21	0.2100	-89	-89		
22	0.2200	-89	-85		
23	0.2300	-90	-82		
24	0.2400	-90	-78		
25	0.2500	-90	-74		
26	0.2600	-90	-69		
27	0.2700	-91	-65		
28	0.2800	-91	-61		
29	0.2900	-92	-56		
30	0.3000	-92	-51		
31	0.3100	-93	-46		
32	0.3200	-94	-42		
33	0.3300	-94	-37		
34	0.3400	-94	-32		
35	0.3500	-95	-27		
36	0.3600	-96	-22		
37	0.3700	-96	-18		
38	0.3800	-97	-13		
39	0.3900	-98	-8		
40	0.4000	-98	-4		
41	0.4100	-99	0		
42	0.4200	-100	4		
43	0.4300	-100	8		
44	0.4400	-101	12		
45	0.4500	-102	16		
46	0.4600	-102	19		
47	0.4700	-103	23		
48	0.4800	-104	26		
49	0.4900	-104	28		
50	0.5000	-105	31		
51	0.5100	-106	33		
52	0.5200	-106	35		
53	0.5300	-106	36		
54	0.5400	-107	38		
55	0.5500	-108	39		
56	0.5600	-108	40		
57	0.5700	-108	40		
58	0.5800	-108	40		
59	0.5900	-109	40		
60	0.6000	-109	39		
61	0.6100	-109	38		
62	0.6200	-109	37		
63	0.6300	-110	36		
64	0.6400	-110	34		
65	0.6500	-110	32		
66	0.6600	-110	30		
67	0.6700	-110	27		
68	0.6800	-109	25		
69	0.6900	-109	22		
70	0.7000	-109	18		
71	0.7100	-108	15		
72	0.7200	-108	11		
73	0.7300	-108	7		
74	0.7400	-108	3		
75	0.7500	-107	-1		
76	0.7600	-107	-5		
77	0.7700	-106	-10		
78	0.7800	-106	-14		
79	0.7900	-105	-19		
80	0.8000	-105	-24		
81	0.8100	-104	-28		
82	0.8200	-104	-33		
83	0.8300	-103	-38		
84	0.8400	-102	-43		
85	0.8500	-102	-48		
86	0.8600	-101	-52		
87	0.8700	-100	-57		
88	0.8800	-100	-61		
89	0.8900	-99	-66		
90	0.9000	-98	-70		
91	0.9100	-98	-74		
92	0.9200	-97	-78		
93	0.9300	-96	-82		
94	0.9400	-96	-86		
95	0.9500	-96	-89		
96	0.9600	-95	-92		
97	0.9700	-94	-95		
98	0.9800	-94	-98		
99	0.9900	-93	-100		
100	1.0000	-92	-102		
101	1.0100	-92	-104		
102	1.0200	-92	-106		
103	1.0300	-91	-108		
104	1.0400	-91	-109		
105	1.0500	-90	-110		
106	1.0600	-90	-110		
107	1.0700	-90	-110		
108	1.0800	-90	-110		
109	1.0900	-89	-110		
110	1.1000	-89	-109		
111	1.1100	-89	-108		
112	1.1200	-89	-106		
113	1.1300	-89	-105		
114	1.1400	-88	-103		
115	1.1500	-88	-101		
116	1.1600	-88	-98		
117	1.1700	-89	-96		
118	1.1800	-89	-93		
119	1.1900	-89	-89		
120	1.2000	-89	-86		
121	1.2100	-90	-82		
122	1.2200	-90	-78		
123	1.2300	-90	-74		
124	1.2400	-90	-70		
125	1.2500	-91	-66		
126	1.2600	-91	-62		
127	1.2700	-92	-57		
128	1.2800	-92	-52		
129	1.2900	-93	-48		
130	1.3000	-93	-43		
131	1.3100	-94	-38		
132	1.3200	-94	-33		
133	1.3300	-95	-29		
134	1.3400	-96	-24		
135	1.3500	-96	-19		
136	1.3600	-97	-14		
137	1.3700	-98	-10		
138	1.3800	-98	-5		
139	1.3900	-99	-1		
140	1.4000	-100	3		
141	1.4100	-100	7		
142	1.4200	-101	11		
143	1.4300	-102	15		
144	1.4400	-102	18		
145	1.4500	-103	21		
146	1.4600	-104	24		
147	1.4700	-104	27		
148	1.4800	-105	30		
149	1.4900	-106	32		
150	1.5000	-106	34		
151	1.5100	-106	36		
152	1.5200	-107	37		
153	1.5300	-108	38		
154	1.5400	-108	39		
155	1.5500	-108	39		
156	1.5600	-108	40		
157	1.5700	-109	40		
158	1.5800	-109	39		
159	1.5900	-109	38		
160	1.6000	-109	37		
161	1.6100	-110	36		
162	1.6200	-110	34		
163	1.6300	-110	32		
164	1.6400	-110	30		
165	1.6500	-110	28		
166	1.6600	-109	25		
167	1.6700	-109	22		
168	1.6800	-109	19		
169	1.6900	-108	16		
170	1.7000	-108	12		
171	1.7100	-108	8		
172	1.7200	-108	4		
173	1.7300	-107	0		
174	1.7400	-107	-4		
175	1.7500	-106	-9		
176	1.7600	-106	-13		
177	1.7700	-105	-18		
178	1.7800	-105	-22		
179	1.7900	-104	-27		
180	1.8000	-104	-32		
181	1.8100	-103	-37		
182	1.8200	-102	-42		
183	1.8300	-102	-46		
184	1.8400	-101	-51		
185	1.8500	-100	-56		
186	1.8600	-100	-60		
187	1.8700	-99	-64		
188	1.8800	-98	-69		
189	1.8900	-98	-73		
190	1.9000	-97	-77		
191	1.9100	-96	-81		
192	1.9200	-96	-84		
193	1.9300	-96	-88		
194	1.9400	-95	-91		
195	1.9500	-94	-94		
196	1.9600	-94	-97		
197	1.9700	-93	-100		
198	1.9800	-92	-102		
199	1.9900	-92	-104		
200	2.0000	-92	-105		
201	2.0100	-91	-107		
202	2.0200	-91	-108		
203	2.0300	-90	-109		
204	2.0400	-90	-109		
205	2.0500	-90	-110		
206	2.0600	-90	-110		
207	2.0700	-89	-109		
208	2.0800	-89	-108		
209	2.0900	-89	-108		
210	2.1000	-89	-106		
211	2.1100	-88	-105		
212	2.1200	-88	-103		
213	2.1300	-88	-100		
214	2.1400	-88	-98		
215	2.1500	-89	-96		
216	2.1600	-89	-93		
217	2.1700	-89	-89		
218	2.1800	-89	-86		
219	2.1900	-90	-82		
220	2.2000	-90	-79		
221	2.2100	-90	-75		
222	2.2200	-90	-71		
223	2.2300	-91	-66		
224	2.2400	-91	-62		
225	2.2500	-92	-58		
226	2.2600	-92	-53		
227	2.2700	-93	-48		
228	2.2800	-93	-44		
229	2.2900	-94	-39		
230	2.3000	-94	-34		
231	2.3100	-95	-29		
232	2.3200	-96	-25		
233	2.3300	-96	-20		
234	2.3400	-97	-15		
235	2.3500	-98	-11		
236	2.3600	-98	-6		
237	2.3700	-99	-2		
238	2.3800	-100	2		
239	2.3900	-100	6		
240	2.4000	-101	10		
241	2.4100	-102	14		
242	2.4200	-102	17		
243	2.4300	-103	20		
244	2.4400	-104	23		
245	2.4500	-104	26		
246	2.4600	-105	29		
247	2.4700	-106	31		
248	2.4800	-106	33		
249	2.4900	-106	35		
250	2.5000	-107	36		
251	2.5100	-108	37		
252	2.5200	-108	38		
253	2.5300	-108	38		
254	2.5400	-108	39		
255	2.5500	-109	39		
256	2.5600	-109	38		
257	2.5700	-109	38		
258	2.5800	-109	36		
259	2.5900	-110	35		
260	2.6000	-110	34		
261	2.6100	-110	32		
262	2.6200	-110	30		
263	2.6300	-110	27		
264	2.6400	-109	24		
265	2.6500	-109	22		
266	2.6600	-109	18		
267	2.6700	-108	15		
268	2.6800	-108	12		
269	2.6900	-108	8		
270	2.7000	-108	4		
271	2.7100	-107	0		
272	2.7200	-107	-4		
273	2.7300	-106	-9		
274	2.7400	-106	-13		
275	2.7500	-106	-18		
276	2.7600	-105	-22		
277	2.7700	-104	-27		
278	2.7800	-104	-32		
279	2.7900	-103	-36		
280	2.8000	-102	-41		
281	2.8100	-102	-46		
282	2.8200	-101	-50		
283	2.8300	-100	-55		
284	2.8400	-100	-59		
285	2.8500	-99	-64		
286	2.8600	-98	-68		
287	2.8700	-98	-72		
288	2.8800	-97	-76		
289	2.8900	-97	-80		
290	2.9000	-96	-84		
291	2.9100	-96	-87		
292	2.9200	-95	-90		
293	2.9300	-94	-93		
294	2.9400	-94	-96		
295	2.9500	-93	-98		
296	2.9600	-92	-101		
297	2.9700	-92	-103		
298	2.9800	-92	-104		
299	2.9900	-91	-106		
300	3.0000	-91	-107		
301	3.0100	-90	-108		
302	3.0200	-90	-108		
303	3.0300	-90	-109		
304	3.0400	-90	-108		
305	3.0500	-89	-108		
306	3.0600	-89	-108		
307	3.0700	-89	-107		
308	3.0800	-89	-105		
309	3.0900	-88	-104		
310	3.1000	-88	-102		
311	3.1100	-88	-100		
312	3.1200	-88	-97		
313	3.1300	-89	-95		
314	3.1400	-89	-92		
315	3.1500	-89	-89		
316	3.1600	-89	-86		
317	3.1700	-90	-82		
318	3.1800	-90	-78		
319	3.1900	-90	-74		
320	3.2000	-90	-70		
321	3.2100	-91	-66		
322	3.2200	-91	-62		
323	3.2300	-92	-58		
324	3.2400	-92	-53		
325	3.2500	-93	-48		
326	3.2600	-93	-44		
327	3.2700	-94	-39		
328	3.2800	-94	-34		
329	3.2900	-95	-30		
330	3.3000	-96	-25		
331	3.3100	-96	-20		
332	3.3200	-97	-16		
333	3.3300	-98	-11		
334	3.3400	-98	-7		
335	3.3500	-99	-3		
336	3.3600	-100	1		
337	3.3700	-100	5		
338	3.3800	-101	9		
339	3.3900	-102	13		
340	3.4000	-102	16		
341	3.4100	-103	20		
342	3.4200	-104	23		
343	3.4300	-104	25		
344	3.4400	-105	28		
345	3.4500	-106	30		
346	3.4600	-106	32		
347	3.4700	-106	34		
348	3.4800	-107	35		
349	3.4900	-108	36		
350	3.5000	-108	37		
351	3.5100	-108	38		
352	3.5200	-108	38		
353	3.5300	-109	38		
354	3.5400	-109	37		
355	3.5500	-109	37		
356	3.5600	-109	36		
357	3.5700	-110	34		
358	3.5800	-110	33		
359	3.5900	-110	31		
360	3.6000	-110	29		
361	3.6100	-110	26		
362	3.6200	-109	24		
363	3.6300	-109	21		
364	3.6400	-109	18		
365	3.6500	-108	15		
366	3.6600	-108	11		
367	3.6700	-108	8		
368	3.6800	-108	4		
369	3.6900	-107	0		
370	3.7000	-107	-4		
371	3.7100	-106	-9		
372	3.7200	-106	-13		
373	3.7300	-106	-18		
374	3.7400	-105	-22		
375	3.7500	-104	-27		
376	3.7600	-104	-32		
377	3.7700	-103	-36		
378	3.7800	-102	-41		
379	3.7900	-102	-45		
380	3.8000	-101	-50		
381	3.8100	-100	-55		
382	3.8200	-100	-59		
383	3.8300	-99	-63		
384	3.8400	-98	-68		
385	3.8500	-98	-72		
386	3.8600	-97	-76		
387	3.8700	-97	-80		
388	3.8800	-96	-83		
389	3.8900	-96	-86		
390	3.9000	-95	-90		
391	3.9100	-94	-93		
392	3.9200	-94	-95		
393	3.9300	-93	-98		
394	3.9400	-92	-100		
395	3.9500	-92	-102		
396	3.9600	-92	-104		
397	3.9700	-91	-105		
398	3.9800	-91	-106		
399	3.9900	-90	-107		
400	4.0000	-90	-108		
401	4.0100	-90	-108		
402	4.0200	-90	-108		
403	4.0300	-89	-107		
404	4.0400	-89	-107		
405	4.0500	-89	-106		
406	4.0600	-89	-105		
407	4.0700	-88	-103		
408	4.0800	-88	-101		
409	4.0900	-88	-99		
410	4.1000	-88	-97		
411	4.1100	-89	-94		
412	4.1200	-89	-91		
413	4.1300	-89	-88		
414	4.1400	-89	-85		
415	4.1500	-90	-82		
416	4.1600	-90	-78		
417	4.1700	-90	-74		
418	4.1800	-90	-70		
419	4.1900	-91	-66		
420	4.2000	-91	-62		
421	4.2100	-92	-57		
422	4.2200	-92	-53		
423	4.2300	-93	-48		
424	4.2400	-93	-44		
425	4.2500	-94	-39		
426	4.2600	-94	-34		
427	4.2700	-95	-30		
428	4.2800	-96	-25		
429	4.2900	-96	-21		
430	4.3000	-97	-16		
431	4.3100	-98	-12		
432	4.3200	-98	-7		
433	4.3300	-99	-3		
434	4.3400	-100	1		
435	4.3500	-100	5		
436	4.3600	-101	9		
437	4.3700	-102	12		
438	4.3800	-102	16		
439	4.3900	-103	19		
440	4.4000	-104	22		
441	4.4100	-104	25		
442	4.4200	-105	27		
443	4.4300	-106	30		
444	4.4400	-106	31		
445	4.4500	-106	33		
446	4.4600	-107	34		
447	4.4700	-107	36		
448	4.4800	-108	36		
449	4.4900	-108	37		
450	4.5000	-108	37		
451	4.5100	-109	37		
452	4.5200	-109	37		
453	4.5300	-109	36		
454	4.5400	-109	35		
455	4.5500	-110	34		
456	4.5600	-110	32		
457	4.5700	-110	31		
458	4.5800	-110	28		
459	4.5900	-110	26		
460	4.6000	-109	24		
461	4.6100	-109	21		
462	4.6200	-109	18		
463	4.6300	-108	14		
464	4.6400	-108	11		
465	4.6500	-108	7		
466	4.6600	-108	4		
467	4.6700	-107	0		
468	4.6800	-107	-5		
469	4.6900	-106	-9		
470	4.7000	-106	-13		
471	4.7100	-106	-18		
472	4.7200	-105	-22		
473	4.7300	-104	-27		
474	4.7400	-104	-31		
475	4.7500	-103	-36		
476	4.7600	-102	-41		
477	4.7700	-102	-45		
478	4.7800	-101	-50		
479	4.7900	-100	-54		
480	4.8000	-100	-59		
481	4.8100	-99	-63		
482	4.8200	-98	-67		
483	4.8300	-98	-71		
484	4.8400	-98	-75		
485	4.8500	-97	-79		
486	4.8600	-96	-82		
487	4.8700	-96	-86		
488	4.8800	-95	-89		
489	4.8900	-94	-92		
490	4.9000	-94	-95		
491	4.9100	-93	-97		
492	4.9200	-93	-100		
493	4.9300	-92	-102		
494	4.9400	-92	-103		
495	4.9500	-91	-104		
496	4.9600	-91	-106		
497	4.9700	-90	-106		
498	4.9800	-90	-107		
499	4.9900	-90	-107		
500	5.0000	-90	-107		
501	5.0100	-89	-107		
502	5.0200	-89	-106		
503	5.0300	-89	-105		
504	5.0400	-89	-104		
505	5.0500	-88	-103		
506	5.0600	-88	-101		
507	5.0700	-88	-99		
508	5.0800	-88	-96		
509	5.0900	-89	-94		
510	5.1000	-89	-91		
511	5.1100	-89	-88		
512	5.1200	-89	-85		
513	5.1300	-90	-81		
514	5.1400	-90	-78		
515	5.1500	-90	-74		
516	5.1600	-90	-70		
517	5.1700	-91	-66		
518	5.1800	-91	-62		
519	5.1900	-92	-57		
520	5.2000	-92	-53		
521	5.2100	-93	-48		
522	5.2200	-93	-44		
523	5.2300	-94	-39		
524	5.2400	-94	-34		
525	5.2500	-95	-30		
526	5.2600	-96	-25		
527	5.2700	-96	-21		
528	5.2800	-97	-16		
529	5.2900	-98	-12		
530	5.3000	-98	-8		
531	5.3100	-99	-3		
532	5.3200	-100	1		
533	5.3300	-100	5		
534	5.3400	-101	8		
535	5.3500	-102	12		
536	5.3600	-102	15		
537	5.3700	-103	19		
538	5.3800	-104	22		
539	5.3900	-104	24		
540	5.4000	-105	27		
541	5.4100	-106	29		
542	5.4200	-106	31		
543	5.4300	-106	32		
544	5.4400	-107	34		
545	5.4500	-107	35		
546	5.4600	-108	36		
547	5.4700	-108	36		
548	5.4800	-108	37		
549	5.4900	-109	37		
550	5.5000	-109	36		
551	5.5100	-109	36		
552	5.5200	-109	35		
553	5.5300	-110	34		
554	5.5400	-110	32		
555	5.5500	-110	30		
556	5.5600	-110	28		
557	5.5700	-110	26		
558	5.5800	-109	23		
559	5.5900	-109	21		
560	5.6000	-109	18		
561	5.6100	-108	14		
562	5.6200	-108	11		
563	5.6300	-108	7		
564	5.6400	-108	4		
565	5.6500	-107	0		
566	5.6600	-107	-4		
567	5.6700	-106	-9		
568	5.6800	-106	-13		
569	5.6900	-106	-17		
570	5.7000	-105	-22		
571	5.7100	-104	-26		
572	5.7200	-104	-31		
573	5.7300	-103	-36		
574	5.7400	-102	-40		
575	5.7500	-102	-45		
576	5.7600	-101	-49		
577	5.7700	-100	-54		
578	5.7800	-100	-58		
579	5.7900	-100	-62		
580	5.8000	-99	-66		
581	5.8100	-98	-71		
582	5.8200	-98	-75		
583	5.8300	-97	-78		
584	5.8400	-96	-82		
585	5.8500	-96	-85		
586	5.8600	-95	-88		
587	5.8700	-94	-91		
588	5.8800	-94	-94		
589	5.8900	-93	-96		
590	5.9000	-93	-99		
591	5.9100	-92	-101		
592	5.9200	-92	-102		
593	5.9300	-91	-104		
594	5.9400	-91	-105		
595	5.9500	-90	-106		
596	5.9600	-90	-106		
597	5.9700	-90	-107		
598	5.9800	-90	-107		
599	5.9900	-89	-106		
600	6.0000	-89	-106		
601	6.0100	-89	-105		
602	6.0200	-89	-104		
603	6.0300	-88	-102		
604	6.0400	-88	-100		
605	6.0500	-88	-98		
606	6.0600	-88	-96		
607	6.0700	-89	-94		
608	6.0800	-89	-91		
609	6.0900	-89	-88		
610	6.1000	-89	-85		
611	6.1100	-90	-81		
612	6.1200	-90	-78		
613	6.1300	-90	-74		
614	6.1400	-90	-70		
615	6.1500	-91	-66		
616	6.1600	-91	-62		
617	6.1700	-92	-57		
618	6.1800	-92	-53		
619	6.1900	-93	-49		
620	6.2000	-93	-44		
621	6.2100	-94	-39		
622	6.2200	-94	-35		
623	6.2300	-95	-30		
624	6.2400	-96	-26		
625	6.2500	-96	-21		
626	6.2600	-97	-17		
627	6.2700	-98	-12		
628	6.2800	-98	-8		
629	6.2900	-99	-4		
630	6.3000	-100	0		
631	6.3100	-100	4		
632	6.3200	-101	8		
633	6.3300	-102	11		
634	6.3400	-102	15		
635	6.3500	-103	18		
636	6.3600	-104	21		
637	6.3700	-104	24		
638	6.3800	-105	26		
639	6.3900	-106	28		
640	6.4000	-106	30		
641	6.4100	-106	32		
642	6.4200	-107	33		
643	6.4300	-107	34		
644	6.4400	-108	35		
645	6.4500	-108	36		
646	6.4600	-108	36		
647	6.4700	-108	36		
648	6.4800	-109	36		
649	6.4900	-109	35		
650	6.5000	-109	34		
651	6.5100	-110	33		
652	6.5200	-110	31		
653	6.5300	-110	30		
654	6.5400	-110	28		
655	6.5500	-110	25		
656	6.5600	-109	23		
657	6.5700	-109	20		
658	6.5800	-109	17		
659	6.5900	-109	14		
660	6.6000	-108	10		
661	6.6100	-108	7		
662	6.6200	-108	3		
663	6.6300	-107	-1		
664	6.6400	-107	-5		
665	6.6500	-106	-9		
666	6.6600	-106	-13		
667	6.6700	-106	-18		
668	6.6800	-105	-22		
669	6.6900	-104	-27		
670	6.7000	-104	-31		
671	6.7100	-103	-36		
672	6.7200	-102	-40		
673	6.7300	-102	-45		
674	6.7400	-101	-49		
675	6.7500	-101	-54		
676	6.7600	-100	-58		
677	6.7700	-100	-62		
678	6.7800	-99	-66		
679	6.7900	-98	-70		
680	6.8000	-98	-74		
681	6.8100	-97	-78		
682	6.8200	-96	-82		
683	6.8300	-96	-85		
684	6.8400	-95	-88		
685	6.8500	-94	-91		
686	6.8600	-94	-94		
687	6.8700	-93	-96		
688	6.8800	-93	-98		
689	6.8900	-92	-100		
690	6.9000	-92	-102		
691	6.9100	-91	-103		
692	6.9200	-91	-104		
693	6.9300	-90	-105		
694	6.9400	-90	-106		
695	6.9500	-90	-106		
696	6.9600	-90	-106		
697	6.9700	-89	-106		
698	6.9800	-89	-105		
699	6.9900	-89	-104		
700	7.0000	-89	-103		
701	7.0100	-88	-102		
702	7.0200	-88	-100		
703	7.0300	-88	-98		
704	7.0400	-88	-96		
705	7.0500	-89	-93		
706	7.0600	-89	-90		
707	7.0700	-89	-88		
708	7.0800	-89	-84		
709	7.0900	-90	-81		
710	7.1000	-90	-77		
711	7.1100	-90	-74		
712	7.1200	-90	-70		
713	7.1300	-91	-66		
714	7.1400	-91	-61		
715	7.1500	-92	-57		
716	7.1600	-92	-53		
717	7.1700	-92	-48		
718	7.1800	-93	-44		
719	7.1900	-94	-39		
720	7.2000	-94	-35		
721	7.2100	-95	-30		
722	7.2200	-96	-26		
723	7.2300	-96	-21		
724	7.2400	-97	-17		
725	7.2500	-98	-12		
726	7.2600	-98	-8		
727	7.2700	-99	-4		
728	7.2800	-100	0		
729	7.2900	-100	4		
730	7.3000	-101	8		
731	7.3100	-102	11		
732	7.3200	-102	14		
733	7.3300	-103	18		
734	7.3400	-104	21		
735	7.3500	-104	23		
736	7.3600	-105	26		
737	7.3700	-105	28		
738	7.3800	-106	30		
739	7.3900	-106	32		
740	7.4000	-107	33		
741	7.4100	-107	34		
742	7.4200	-108	35		
743	7.4300	-108	35		
744	7.4400	-108	36		
745	7.4500	-108	36		
746	7.4600	-109	35		
747	7.4700	-109	35		
748	7.4800	-109	34		
749	7.4900	-110	32		
750	7.5000	-110	31		
751	7.5100	-110	29		
752	7.5200	-110	27		
753	7.5300	-110	25		
754	7.5400	-109	22		
755	7.5500	-109	20		
756	7.5600	-109	17		
757	7.5700	-109	13		
758	7.5800	-108	10		
759	7.5900	-108	6		
760	7.6000	-108	3		
761	7.6100	-107	-1		
762	7.6200	-107	-5		
763	7.6300	-106	-9		
764	7.6400	-106	-14		
765	7.6500	-106	-18		
766	7.6600	-105	-22		
767	7.6700	-104	-27		
768	7.6800	-104	-31		
769	7.6900	-103	-36		
770	7.7000	-102	-40		
771	7.7100	-102	-45		
772	7.7200	-102	-50		
773	7.7300	-101	-54		
774	7.7400	-100	-58		
775	7.7500	-100	-62		
776	7.7600	-99	-67		
777	7.7700	-98	-71		
778	7.7800	-98	-74		
779	7.7900	-97	-78		
780	7.8000	-96	-82		
781	7.8100	-96	-85		
782	7.8200	-95	-88		
783	7.8300	-94	-91		
784	7.8400	-94	-94		
785	7.8500	-93	-96		
786	7.8600	-93	-98		
787	7.8700	-92	-100		
788	7.8800	-92	-102		
789	7.8900	-91	-103		
790	7.9000	-91	-104		
791	7.9100	-90	-105		
792	7.9200	-90	-106		
793	7.9300	-90	-106		
794	7.9400	-90	-106		
795	7.9500	-89	-106		
796	7.9600	-89	-105		
797	7.9700	-89	-104		
798	7.9800	-89	-103		
799	7.9900	-88	-101		
800	8.0000	-88	-100		
801	8.0100	-88	-98		
802	8.0200	-88	-95		
803	8.0300	-89	-93		
804	8.0400	-89	-90		
805	8.0500	-89	-87		
806	8.0600	-89	-84		
807	8.0700	-90	-80		
808	8.0800	-90	-77		
809	8.0900	-90	-73		
810	8.1000	-90	-69		
811	8.1100	-91	-65		
812	8.1200	-91	-61		
813	8.1300	-92	-57		
814	8.1400	-92	-52		
815	8.1500	-92	-48		
816	8.1600	-93	-44		
817	8.1700	-94	-39		
818	8.1800	-94	-34		
819	8.1900	-95	-30		
820	8.2000	-96	-25		
821	8.2100	-96	-21		
822	8.2200	-97	-16		
823	8.2300	-98	-12		
824	8.2400	-98	-8		
825	8.2500	-99	-4		
826	8.2600	-100	0		
827	8.2700	-100	4		
828	8.2800	-101	8		
829	8.2900	-102	11		
830	8.3000	-102	15		
831	8.3100	-103	18		
832	8.3200	-104	21		
833	8.3300	-104	23		
834	8.3400	-105	26		
835	8.3500	-105	28		
836	8.3600	-106	30		
837	8.3700	-106	32		
838	8.3800	-107	33		
839	8.3900	-107	34		
840	8.4000	-108	35		
841	8.4100	-108	35		
842	8.4200	-108	36		
843	8.4300	-108	35		
844	8.4400	-109	35		
845	8.4500	-109	34		
846	8.4600	-109	33		
847	8.4700	-110	32		
848	8.4800	-110	31		
849	8.4900	-110	29		
850	8.5000	-110	27		
851	8.5100	-110	25		
852	8.5200	-109	22		
853	8.5300	-109	19		
854	8.5400	-109	16		
855	8.5500	-109	13		
856	8.5600	-108	10		
857	8.5700	-108	6		
858	8.5800	-108	2		
859	8.5900	-108	-1		
860	8.6000	-107	-6		
861	8.6100	-106	-10		
862	8.6200	-106	-14		
863	8.6300	-106	-18		
864	8.6400	-105	-23		
865	8.6500	-104	-27		
866	8.6600	-104	-32		
867	8.6700	-103	-36		
868	8.6800	-102	-41		
869	8.6900	-102	-45		
870	8.7000	-102	-50		
871	8.7100	-101	-54		
872	8.7200	-100	-58		
873	8.7300	-100	-63		
874	8.7400	-99	-67		
875	8.7500	-98	-71		
876	8.7600	-98	-75		
877	8.7700	-97	-78		
878	8.7800	-96	-82		
879	8.7900	-96	-85		
880	8.8000	-95	-88		
881	8.8100	-94	-91		
882	8.8200	-94	-94		
883	8.8300	-93	-96		
884	8.8400	-93	-98		
885	8.8500	-92	-100		
886	8.8600	-92	-102		
887	8.8700	-91	-103		
888	8.8800	-91	-104		
889	8.8900	-90	-105		
890	8.9000	-90	-106		
891	8.9100	-90	-106		
892	8.9200	-90	-106		
893	8.9300	-89	-105		
894	8.9400	-89	-105		
895	8.9500	-89	-104		
896	8.9600	-89	-103		
897	8.9700	-88	-101		
898	8.9800	-88	-99		
899	8.9900	-88	-97		
900	9.0000	-88	-95		
901	9.0100	-89	-92		
902	9.0200	-89	-90		
903	9.0300	-89	-87		
904	9.0400	-89	-84		
905	9.0500	-90	-80		
906	9.0600	-90	-77		
907	9.0700	-90	-73		
908	9.0800	-90	-69		
909	9.0900	-91	-65		
910	9.1000	-91	-61		
911	9.1100	-92	-56		
912	9.1200	-92	-52		
913	9.1300	-92	-48		
914	9.1400	-93	-43		
915	9.1500	-94	-39		
916	9.1600	-94	-34		
917	9.1700	-95	-30		
918	9.1800	-96	-25		
919	9.1900	-96	-21		
920	9.2000	-97	-16		
921	9.2100	-98	-12		
922	9.2200	-98	-8		
923	9.2300	-99	-4		
924	9.2400	-100	0		
925	9.2500	-100	4		
926	9.2600	-101	8		
927	9.2700	-102	11		
928	9.2800	-102	15		
929	9.2900	-103	18		
930	9.3000	-104	21		
931	9.3100	-104	23		
932	9.3200	-105	26		
933	9.3300	-105	28		
934	9.3400	-106	30		
935	9.3500	-106	31		
936	9.3600	-107	33		
937	9.3700	-107	34		
938	9.3800	-108	35		
939	9.3900	-108	35		
940	9.4000	-108	35		
941	9.4100	-108	35		
942	9.4200	-109	35		
943	9.4300	-109	34		
944	9.4400	-109	33		
945	9.4500	-109	32		
946	9.4600	-110	30		
947	9.4700	-110	29		
948	9.4800	-110	27		
949	9.4900	-110	24		
950	9.5000	-109	22		
951	9.5100	-109	19		
952	9.5200	-109	16		
953	9.5300	-109	13		
954	9.5400	-108	9		
955	9.5500	-108	6		
956	9.5600	-108	2		
957	9.5700	-108	-2		
958	9.5800	-107	-6		
959	9.5900	-106	-10		
960	9.6000	-106	-14		
961	9.6100	-106	-19		
962	9.6200	-105	-23		
963	9.6300	-104	-28		
964	9.6400	-104	-32		
965	9.6500	-103	-36		
966	9.6600	-103	-41		
967	9.6700	-102	-46		
968	9.6800	-102	-50		
969	9.6900	-101	-54		
970	9.7000	-100	-59		
971	9.7100	-100	-63		
972	9.7200	-99	-67		
973	9.7300	-98	-71		
974	9.7400	-98	-75		
975	9.7500	-97	-78		
976	9.7600	-96	-82		
977	9.7700	-96	-85		
978	9.7800	-95	-88		
979	9.7900	-94	-91		
980	9.8000	-94	-94		
981	9.8100	-93	-96		
982	9.8200	-93	-98		
983	9.8300	-92	-100		
984	9.8400	-92	-102		
985	9.8500	-91	-103		
986	9.8600	-91	-104		
987	9.8700	-90	-105		
988	9.8800	-90	-106		
989	9.8900	-90	-106		
990	9.9000	-90	-106		
991	9.9100	-89	-105		
992	9.9200	-89	-105		
993	9.9300	-89	-104		
994	9.9400	-89	-103		
995	9.9500	-88	-101		
996	9.9600	-88	-99		
997	9.9700	-88	-97		
998	9.9800	-88	-95		
999	9.9900	-89	-92		
1000	10.0000	-89	-90		
1001	10.0100	-89	-87		
1002	10.0200	-89	-84		
1003	10.0300	-90	-80		
1004	10.0400	-90	-76		
1005	10.0500	-90	-73		
1006	10.0600	-90	-69		
1007	10.0700	-91	-65		
1008	10.0800	-91	-61		
1009	10.0900	-92	-56		
1010	10.1000	-92	-52		
1011	10.1100	-92	-48		
1012	10.1200	-93	-43		
1013	10.1300	-94	-38		
1014	10.1400	-94	-34		
1015	10.1500	-95	-30		
1016	10.1600	-96	-25		
1017	10.1700	-96	-21		
1018	10.1800	-97	-16		
1019	10.1900	-98	-12		
1020	10.2000	-98	-8		
1021	10.2100	-99	-3		
1022	10.2200	-100	1		
1023	10.2300	-100	4		
1024	10.2400	-101	8		
1025	10.2500	-102	12		
1026	10.2600	-102	15		
1027	10.2700	-103	18		
1028	10.2800	-104	21		
1029	10.2900	-104	24		
1030	10.3000	-105	26		
1031	10.3100	-105	28		
1032	10.3200	-106	30		
1033	10.3300	-106	32		
1034	10.3400	-107	33		
1035	10.3500	-107	34		
1036	10.3600	-108	35		
1037	10.3700	-108	35		
1038	10.3800	-108	35		
1039	10.3900	-108	35		
1040	10.4000	-109	35		
1041	10.4100	-109	34		
1042	10.4200	-109	33		
1043	10.4300	-110	32		
1044	10.4400	-110	30		
1045	10.4500	-110	29		
1046	10.4600	-110	27		
1047	10.4700	-110	24		
1048	10.4800	-109	22		
1049	10.4900	-109	19		
1050	10.5000	-109	16		
1051	10.5100	-109	13		
1052	10.5200	-108	9		
1053	10.5300	-108	6		
1054	10.5400	-108	2		
1055	10.5500	-108	-2		
1056	10.5600	-107	-6		
1057	10.5700	-106	-10		
1058	10.5800	-106	-14		
1059	10.5900	-106	-19		
1060	10.6000	-105	-23		
1061	10.6100	-104	-28		
1062	10.6200	-104	-32		
1063	10.6300	-103	-37		
1064	10.6400	-103	-41		
1065	10.6500	-102	-46		
1066	10.6600	-102	-50		
1067	10.6700	-101	-55		
1068	10.6800	-100	-59		
1069	10.6900	-100	-63		
1070	10.7000	-99	-67		
1071	10.7100	-98	-71		
1072	10.7200	-98	-75		
1073	10.7300	-97	-79		
1074	10.7400	-96	-82		
1075	10.7500	-96	-85		
1076	10.7600	-95	-88		
1077	10.7700	-94	-91		
1078	10.7800	-94	-94		
1079	10.7900	-93	-96		
1080	10.8000	-93	-98		
1081	10.8100	-92	-100		
1082	10.8200	-92	-102		
1083	10.8300	-91	-103		
1084	10.8400	-91	-104		
1085	10.8500	-90	-105		
1086	10.8600	-90	-106		
1087	10.8700	-90	-106		
1088	10.8800	-90	-106		
1089	10.8900	-89	-105		
1090	10.9000	-89	-105		
1091	10.9100	-89	-104		
1092	10.9200	-89	-102		
1093	10.9300	-88	-101		
1094	10.9400	-88	-99		
1095	10.9500	-88	-97		
1096	10.9600	-88	-95		
1097	10.9700	-89	-92		
1098	10.9800	-89	-90		
1099	10.9900	-89	-87		
1100	11.0000	-89	-83		
1101	11.0100	-90	-80		
1102	11.0200	-90	-76		
1103	11.0300	-90	-73		
1104	11.0400	-90	-69		
1105	11.0500	-91	-65		
1106	11.0600	-91	-60		
1107	11.0700	-92	-56		
1108	11.0800	-92	-52		
1109	11.0900	-92	-47		
1110	11.1000	-93	-43		
1111	11.1100	-94	-38		
1112	11.1200	-94	-34		
1113	11.1300	-95	-29		
1114	11.1400	-96	-25		
1115	11.1500	-96	-20		
1116	11.1600	-97	-16		
1117	11.1700	-98	-12		
1118	11.1800	-98	-7		
1119	11.1900	-99	-3		
1120	11.2000	-100	1		
1121	11.2100	-100	5		
1122	11.2200	-101	8		
1123	11.2300	-102	12		
1124	11.2400	-102	15		
1125	11.2500	-103	18		
1126	11.2600	-104	21		
1127	11.2700	-104	24		
1128	11.2800	-105	26		
1129	11.2900	-105	28		
1130	11.3000	-106	30		
1131	11.3100	-106	32		
1132	11.3200	-107	33		
1133	11.3300	-107	34		
1134	11.3400	-108	35		
1135	11.3500	-108	35		
1136	11.3600	-108	36		
1137	11.3700	-108	35		
1138	11.3800	-109	35		
1139	11.3900	-109	34		
1140	11.4000	-109	33		
1141	11.4100	-110	32		
1142	11.4200	-110	31		
1143	11.4300	-110	29		
1144	11.4400	-110	27		
1145	11.4500	-110	24		
1146	11.4600	-109	22		
1147	11.4700	-109	19		
1148	11.4800	-109	16		
1149	11.4900	-109	13		
1150	11.5000	-108	10		
1151	11.5100	-108	6		
1152	11.5200	-108	2		
1153	11.5300	-108	-2		
1154	11.5400	-107	-6		
1155	11.5500	-106	-10		
1156	11.5600	-106	-14		
1157	11.5700	-106	-19		
1158	11.5800	-105	-23		
1159	11.5900	-104	-28		
1160	11.6000	-104	-32		
1161	11.6100	-103	-37		
1162	11.6200	-102	-41		
1163	11.6300	-102	-46		
1164	11.6400	-102	-50		
1165	11.6500	-101	-55		
1166	11.6600	-100	-59		
1167	11.6700	-100	-63		
1168	11.6800	-99	-67		
1169	11.6900	-98	-71		
1170	11.7000	-98	-75		
1171	11.7100	-97	-79		
1172	11.7200	-96	-82		
1173	11.7300	-96	-86		
1174	11.7400	-95	-89		
1175	11.7500	-94	-92		
1176	11.7600	-94	-94		
1177	11.7700	-93	-96		
1178	11.7800	-93	-99		
1179	11.7900	-92	-100		
1180	11.8000	-92	-102		
1181	11.8100	-91	-103		
1182	11.8200	-91	-104		
1183	11.8300	-90	-105		
1184	11.8400	-90	-106		
1185	11.8500	-90	-106		
1186	11.8600	-90	-106		
1187	11.8700	-89	-106		
1188	11.8800	-89	-105		
1189	11.8900	-89	-104		
1190	11.9000	-89	-103		
1191	11.9100	-88	-101		
1192	11.9200	-88	-99		
1193	11.9300	-88	-97		
1194	11.9400	-88	-95		
1195	11.9500	-89	-92		
1196	11.9600	-89	-90		
1197	11.9700	-89	-87		
1198	11.9800	-89	-84		
1199	11.9900	-90	-80		
1200	12.0000	-90	-76		
1201	12.0100	-90	-73		
1202	12.0200	-90	-69		
1203	12.0300	-91	-65		
1204	12.0400	-91	-60		
1205	12.0500	-92	-56		
1206	12.0600	-92	-52		
1207	12.0700	-92	-47		
1208	12.0800	-93	-43		
1209	12.0900	-94	-38		
1210	12.1000	-94	-34		
1211	12.1100	-95	-29		
1212	12.1200	-96	-25		
1213	12.1300	-96	-20		
1214	12.1400	-97	-16		
1215	12.1500	-98	-12		
1216	12.1600	-98	-7		
1217	12.1700	-99	-3		
1218	12.1800	-100	1		
1219	12.1900	-100	5		
1220	12.2000	-101	8		
1221	12.2100	-102	12		
1222	12.2200	-102	15		
1223	12.2300	-103	18		
1224	12.2400	-104	21		
1225	12.2500	-104	24		
1226	12.2600	-105	26		
1227	12.2700	-105	28		
1228	12.2800	-106	30		
1229	12.2900	-106	32		
1230	12.3000	-107	33		
1231	12.3100	-107	34		
1232	12.3200	-108	35		
1233	12.3300	-108	35		
1234	12.3400	-108	36		
1235	12.3500	-108	35		
1236	12.3600	-109	35		
1237	12.3700	-109	34		
1238	12.3800	-109	33		
1239	12.3900	-110	32		
1240	12.4000	-110	31		
1241	12.4100	-110	29		
1242	12.4200	-110	27		
1243	12.4300	-110	24		
1244	12.4400	-109	22		
1245	12.4500	-109	19		
1246	12.4600	-109	16		
1247	12.4700	-109	13		
1248	12.4800	-108	10		
1249	12.4900	-108	6		
1250	12.5000	-108	2		
1251	12.5100	-108	-2		
1252	12.5200	-107	-6		
1253	12.5300	-106	-10		
1254	12.5400	-106	-14		
1255	12.5500	-106	-19		
1256	12.5600	-105	-23		
1257	12.5700	-104	-28		
1258	12.5800	-104	-32		
1259	12.5900	-103	-37		
1260	12.6000	-103	-41		
1261	12.6100	-102	-46		
1262	12.6200	-102	-50		
1263	12.6300	-101	-55		
1264	12.6400	-100	-59		
1265	12.6500	-100	-63		
1266	12.6600	-99	-67		
1267	12.6700	-98	-71		
1268	12.6800	-98	-75		
1269	12.6900	-97	-79		
1270	12.7000	-96	-82		
1271	12.7100	-96	-85		
1272	12.7200	-95	-89		
1273	12.7300	-94	-91		
1274	12.7400	-94	-94		
1275	12.7500	-93	-96		
1276	12.7600	-93	-99		
1277	12.7700	-92	-100		
1278	12.7800	-92	-102		
1279	12.7900	-91	-103		
1280	12.8000	-91	-104		
1281	12.8100	-90	-105		
1282	12.8200	-90	-106		
1283	12.8300	-90	-106		
1284	12.8400	-90	-106		
1285	12.8500	-89	-106		
1286	12.8600	-89	-105		
1287	12.8700	-89	-104		
1288	12.8800	-89	-103		
1289	12.8900	-88	-101		
1290	12.9000	-88	-99		
1291	12.9100	-88	-97		
1292	12.9200	-88	-95		
1293	12.9300	-89	-92		
1294	12.9400	-89	-90		
1295	12.9500	-89	-87		
1296	12.9600	-89	-84		
1297	12.9700	-90	-80		
1298	12.9800	-90	-76		
1299	12.9900	-90	-73		
1300	13.0000	-90	-69		
1301	13.0100	-91	-65		
1302	13.0200	-91	-60		
1303	13.0300	-92	-56		
1304	13.0400	-92	-52		
1305	13.0500	-92	-47		
1306	13.0600	-93	-43		
1307	13.0700	-94	-38		
1308	13.0800	-94	-34		
1309	13.0900	-95	-29		
1310	13.1000	-96	-25		
1311	13.1100	-96	-20		
1312	13.1200	-97	-16		
1313	13.1300	-98	-12		
1314	13.1400	-98	-7		
1315	13.1500	-99	-3		
1316	13.1600	-100	1		
1317	13.1700	-100	5		
1318	13.1800	-101	8		
1319	13.1900	-102	12		
1320	13.2000	-102	15		
1321	13.2100	-103	18		
1322	13.2200	-104	21		
1323	13.2300	-104	24		
1324	13.2400	-105	26		
1325	13.2500	-105	28		
1326	13.2600	-106	30		
1327	13.2700	-106	32		
1328	13.2800	-107	33		
1329	13.2900	-107	34		
1330	13.3000	-108	35		
1331	13.3100	-108	35		
1332	13.3200	-108	36		
1333	13.3300	-108	35		
1334	13.3400	-109	35		
1335	13.3500	-109	34		
1336	13.3600	-109	33		
1337	13.3700	-109	32		
1338	13.3800	-110	30		
1339	13.3900	-110	29		
1340	13.4000	-110	27		
1341	13.4100	-110	24		
1342	13.4200	-109	22		
1343	13.4300	-109	19		
1344	13.4400	-109	16		
1345	13.4500	-108	13		
1346	13.4600	-108	9		
1347	13.4700	-108	6		
1348	13.4800	-108	2		
1349	13.4900	-107	-2		
1350	13.5000	-107	-6		
1351	13.5100	-106	-10		
1352	13.5200	-106	-15		
1353	13.5300	-106	-19		
1354	13.5400	-105	-24		
1355	13.5500	-104	-28		
1356	13.5600	-104	-32		
1357	13.5700	-103	-37		
1358	13.5800	-102	-42		
1359	13.5900	-102	-46		
1360	13.6000	-101	-51		
1361	13.6100	-100	-55		
1362	13.6200	-100	-59		
1363	13.6300	-99	-64		
1364	13.6400	-98	-68		
1365	13.6500	-98	-72		
1366	13.6600	-98	-76		
1367	13.6700	-97	-79		
1368	13.6800	-96	-83		
1369	13.6900	-96	-86		
1370	13.7000	-95	-89		
1371	13.7100	-94	-92		
1372	13.7200	-94	-94		
1373	13.7300	-93	-97		
1374	13.7400	-92	-99		
1375	13.7500	-92	-101		
1376	13.7600	-92	-102		
1377	13.7700	-91	-104		
1378	13.7800	-91	-104		
1379	13.7900	-90	-105		
1380	13.8000	-90	-106		
1381	13.8100	-90	-106		
1382	13.8200	-90	-106		
1383	13.8300	-89	-105		
1384	13.8400	-89	-105		
1385	13.8500	-89	-104		
1386	13.8600	-88	-102		
1387	13.8700	-88	-101		
1388	13.8800	-88	-99		
1389	13.8900	-88	-97		
1390	13.9000	-88	-94		
1391	13.9100	-88	-92		
1392	13.9200	-89	-89		
1393	13.9300	-89	-86		
1394	13.9400	-89	-83		
1395	13.9500	-89	-79		
1396	13.9600	-90	-76		
1397	13.9700	-90	-72		
1398	13.9800	-90	-68		
1399	13.9900	-90	-64		
1400	14.0000	-91	-60		
1401	14.0100	-92	-55		
1402	14.0200	-92	-51		
1403	14.0300	-92	-47		
1404	14.0400	-93	-42		
1405	14.0500	-94	-38		
1406	14.0600	-94	-33		
1407	14.0700	-95	-28		
1408	14.0800	-96	-24		
1409	14.0900	-96	-20		
1410	14.1000	-97	-15		
1411	14.1100	-98	-11		
1412	14.1200	-98	-7		
1413	14.1300	-99	-2		
1414	14.1400	-100	2		
1415	14.1500	-100	5		
1416	14.1600	-101	9		
1417	14.1700	-102	12		
1418	14.1800	-102	16		
1419	14.1900	-103	19		
1420	14.2000	-104	22		
1421	14.2100	-104	24		
1422	14.2200	-105	26		
1423	14.2300	-105	29		
1424	14.2400	-106	30		
1425	14.2500	-106	32		
1426	14.2600	-107	33		
1427	14.2700	-107	34		
1428	14.2800	-108	35		
1429	14.2900	-108	35		
1430	14.3000	-108	36		
1431	14.3100	-108	35		
1432	14.3200	-109	35		
1433	14.3300	-109	34		
1434	14.3400	-109	33		
1435	14.3500	-109	32		
1436	14.3600	-109	30		
1437	14.3700	-110	28		
1438	14.3800	-109	26		
1439	14.3900	-109	24		
1440	14.4000	-109	21		
1441	14.4100	-109	18		
1442	14.4200	-109	16		
1443	14.4300	-108	12		
1444	14.4400	-108	9		
1445	14.4500	-108	5		
1446	14.4600	-108	1		
1447	14.4700	-107	-3		
1448	14.4800	-107	-7		
1449	14.4900	-106	-11		
1450	14.5000	-106	-15		
1451	14.5100	-106	-20		
1452	14.5200	-105	-24		
1453	14.5300	-104	-28		
1454	14.5400	-104	-33		
1455	14.5500	-103	-38		
1456	14.5600	-102	-42		
1457	14.5700	-102	-46		
1458	14.5800	-101	-51		
1459	14.5900	-100	-55		
1460	14.6000	-100	-60		
1461	14.6100	-99	-64		
1462	14.6200	-99	-68		
1463	14.6300	-98	-72		
1464	14.6400	-98	-76		
1465	14.6500	-97	-79		
1466	14.6600	-96	-83		
1467	14.6700	-96	-86		
1468	14.6800	-95	-89		
1469	14.6900	-94	-92		
1470	14.7000	-94	-94		
1471	14.7100	-93	-97		
1472	14.7200	-92	-99		
1473	14.7300	-92	-101		
1474	14.7400	-92	-102		
1475	14.7500	-91	-104		
1476	14.7600	-91	-105		
1477	14.7700	-90	-105		
1478	14.7800	-90	-106		
1479	14.7900	-90	-106		
1480	14.8000	-90	-106		
1481	14.8100	-89	-105		
1482	14.8200	-89	-105		
1483	14.8300	-89	-104		
1484	14.8400	-88	-102		
1485	14.8500	-88	-101		
1486	14.8600	-88	-99		
1487	14.8700	-88	-97		
1488	14.8800	-88	-95		
1489	14.8900	-88	-92		
1490	14.9000	-89	-89		
1491	14.9100	-89	-86		
1492	14.9200	-89	-83		
1493	14.9300	-89	-79		
1494	14.9400	-90	-76		
1495	14.9500	-90	-72		
1496	14.9600	-90	-68		
1497	14.9700	-90	-64		
1498	14.9800	-91	-60		
1499	14.9900	-92	-55		
1500	15.0000	-92	-51		
1501	15.0100	-92	-46		
1502	15.0200	-93	-42		
1503	15.0300	-94	-38		
1504	15.0400	-94	-33		
1505	15.0500	-95	-28		
1506	15.0600	-96	-24		
1507	15.0700	-96	-20		
1508	15.0800	-97	-15		
1509	15.0900	-98	-11		
1510	15.1000	-98	-6		
1511	15.1100	-99	-2		
1512	15.1200	-100	2		
1513	15.1300	-100	5		
1514	15.1400	-101	9		
1515	15.1500	-102	12		
1516	15.1600	-102	16		
1517	15.1700	-103	19		
1518	15.1800	-104	22		
1519	15.1900	-104	24		
1520	15.2000	-105	27		
1521	15.2100	-105	29		
1522	15.2200	-106	31		
1523	15.2300	-106	32		
1524	15.2400	-107	33		
1525	15.2500	-107	34		
1526	15.2600	-108	35		
1527	15.2700	-108	36		
1528	15.2800	-108	36		
1529	15.2900	-108	36		
1530	15.3000	-109	35		
1531	15.3100	-109	34		
1532	15.3200	-109	33		
1533	15.3300	-109	32		
1534	15.3400	-109	30		
1535	15.3500	-110	28		
1536	15.3600	-110	26		
1537	15.3700	-109	24		
1538	15.3800	-109	22		
1539	15.3900	-109	19		
1540	15.4000	-109	16		
1541	15.4100	-108	12		
1542	15.4200	-108	9		
1543	15.4300	-108	5		
1544	15.4400	-108	2		
1545	15.4500	-107	-2		
1546	15.4600	-107	-7		
1547	15.4700	-106	-11		
1548	15.4800	-106	-15		
1549	15.4900	-106	-20		
1550	15.5000	-105	-24		
1551	15.5100	-104	-28		
1552	15.5200	-104	-33		
1553	15.5300	-103	-38		
1554	15.5400	-102	-42		
1555	15.5500	-102	-46		
1556	15.5600	-101	-51		
1557	15.5700	-100	-55		
1558	15.5800	-100	-60		
1559	15.5900	-99	-64		
1560	15.6000	-99	-68		
1561	15.6100	-98	-72		
1562	15.6200	-98	-76		
1563	15.6300	-97	-79		
1564	15.6400	-96	-83		
1565	15.6500	-96	-86		
1566	15.6600	-95	-89		
1567	15.6700	-94	-92		
1568	15.6800	-94	-94		
1569	15.6900	-93	-97		
1570	15.7000	-93	-99		
1571	15.7100	-92	-101		
1572	15.7200	-92	-102		
1573	15.7300	-91	-104		
1574	15.7400	-91	-105		
1575	15.7500	-90	-106		
1576	15.7600	-90	-106		
1577	15.7700	-90	-106		
1578	15.7800	-90	-106		
1579	15.7900	-89	-106		
1580	15.8000	-89	-105		
1581	15.8100	-89	-104		
1582	15.8200	-88	-102		
1583	15.8300	-88	-101		
1584	15.8400	-88	-99		
1585	15.8500	-88	-97		
1586	15.8600	-88	-95		
1587	15.8700	-88	-92		
1588	15.8800	-89	-89		
1589	15.8900	-89	-86		
1590	15.9000	-89	-83		
1591	15.9100	-89	-79		
1592	15.9200	-90	-76		
1593	15.9300	-90	-72		
1594	15.9400	-90	-68		
1595	15.9500	-90	-64		
1596	15.9600	-91	-60		
1597	15.9700	-92	-56		
1598	15.9800	-92	-51		
1599	15.9900	-92	-47		
1600	16.0000	-93	-42		
1601	16.0100	-94	-38		
1602	16.0200	-94	-33		
1603	16.0300	-95	-28		
1604	16.0400	-96	-24		
1605	16.0500	-96	-20		
1606	16.0600	-97	-15		
1607	16.0700	-98	-11		
1608	16.0800	-98	-6		
1609	16.0900	-99	-2		
1610	16.1000	-100	2		
1611	16.1100	-100	5		
1612	16.1200	-101	9		
1613	16.1300	-102	12		
1614	16.1400	-102	16		
1615	16.1500	-103	19		
1616	16.1600	-104	22		
1617	16.1700	-104	24		
1618	16.1800	-105	27		
1619	16.1900	-105	29		
1620	16.2000	-106	31		
1621	16.2100	-106	32		
1622	16.2200	-107	33		
1623	16.2300	-107	34		
1624	16.2400	-108	35		
1625	16.2500	-108	36		
1626	16.2600	-108	36		
1627	16.2700	-108	36		
1628	16.2800	-109	35		
1629	16.2900	-109	34		
1630	16.3000	-109	33		
1631	16.3100	-109	32		
1632	16.3200	-109	30		
1633	16.3300	-110	28		
1634	16.3400	-110	26		
1635	16.3500	-109	24		
1636	16.3600	-109	22		
1637	16.3700	-109	19		
1638	16.3800	-109	16		
1639	16.3900	-108	12		
1640	16.4000	-108	9		
1641	16.4100	-108	5		
1642	16.4200	-108	1		
1643	16.4300	-107	-3		
1644	16.4400	-107	-7		
1645	16.4500	-106	-11		
1646	16.4600	-106	-15		
1647	16.4700	-106	-20		
1648	16.4800	-105	-24		
1649	16.4900	-104	-28		
1650	16.5000	-104	-33		
1651	16.5100	-103	-38		
1652	16.5200	-102	-42		
1653	16.5300	-102	-47		
1654	16.5400	-101	-51		
1655	16.5500	-100	-56		
1656	16.5600	-100	-60		
1657	16.5700	-100	-64		
1658	16.5800	-99	-68		
1659	16.5900	-98	-72		
1660	16.6000	-98	-76		
1661	16.6100	-97	-80		
1662	16.6200	-96	-83		
1663	16.6300	-96	-86		
1664	16.6400	-95	-89		
1665	16.6500	-94	-92		
1666	16.6600	-94	-95		
1667	16.6700	-93	-97		
1668	16.6800	-93	-99		
1669	16.6900	-92	-101		
1670	16.7000	-92	-102		
1671	16.7100	-91	-104		
1672	16.7200	-91	-105		
1673	16.7300	-90	-106		
1674	16.7400	-90	-106		
1675	16.7500	-90	-106		
1676	16.7600	-90	-106		
1677	16.7700	-89	-106		
1678	16.7800	-89	-105		
1679	16.7900	-89	-104		
1680	16.8000	-88	-102		
1681	16.8100	-88	-101		
1682	16.8200	-88	-99		
1683	16.8300	-88	-97		
1684	16.8400	-88	-95		
1685	16.8500	-88	-92		
1686	16.8600	-89	-89		
1687	16.8700	-89	-86		
1688	16.8800	-89	-83		
1689	16.8900	-89	-79		
1690	16.9000	-90	-76		
1691	16.9100	-90	-72		
1692	16.9200	-90	-68		
1693	16.9300	-90	-64		
1694	16.9400	-91	-60		
1695	16.9500	-92	-55		
1696	16.9600	-92	-51		
1697	16.9700	-92	-46		
1698	16.9800	-93	-42		
1699	16.9900	-94	-37		
1700	17.0000	-94	-33		
1701	17.0100	-95	-28		
1702	17.0200	-96	-24		
1703	17.0300	-96	-19		
1704	17.0400	-97	-15		
1705	17.0500	-98	-11		
1706	17.0600	-98	-6		
1707	17.0700	-99	-2		
1708	17.0800	-100	2		
1709	17.0900	-100	6		
1710	17.1000	-101	9		
1711	17.1100	-102	13		
1712	17.1200	-102	16		
1713	17.1300	-103	19		
1714	17.1400	-104	22		
1715	17.1500	-104	24		
1716	17.1600	-105	27		
1717	17.1700	-105	29		
1718	17.1800	-106	31		
1719	17.1900	-106	32		
1720	17.2000	-107	34		
1721	17.2100	-107	35		
1722	17.2200	-108	35		
1723	17.2300	-108	36		
1724	17.2400	-108	36		
1725	17.2500	-108	36		
1726	17.2600	-109	35		
1727	17.2700	-109	34		
1728	17.2800	-109	33		
1729	17.2900	-109	32		
1730	17.3000	-109	30		
1731	17.3100	-110	29		
1732	17.3200	-110	26		
1733	17.3300	-109	24		
1734	17.3400	-109	22		
1735	17.3500	-109	19		
1736	17.3600	-109	16		
1737	17.3700	-108	12		
1738	17.3800	-108	9		
1739	17.3900	-108	5		
1740	17.4000	-108	2		
1741	17.4100	-107	-3		
1742	17.4200	-107	-7		
1743	17.4300	-106	-11		
1744	17.4400	-106	-15		
1745	17.4500	-106	-20		
1746	17.4600	-105	-24		
1747	17.4700	-104	-29		
1748	17.4800	-104	-33		
1749	17.4900	-103	-38		
1750	17.5000	-102	-42		
1751	17.5100	-102	-47		
1752	17.5200	-101	-51		
1753	17.5300	-100	-56		
1754	17.5400	-100	-60		
1755	17.5500	-99	-64		
1756	17.5600	-99	-68		
1757	17.5700	-98	-72		
1758	17.5800	-98	-76		
1759	17.5900	-97	-80		
1760	17.6000	-96	-83		
1761	17.6100	-96	-86		
1762	17.6200	-95	-89		
1763	17.6300	-94	-92		
1764	17.6400	-94	-95		
1765	17.6500	-93	-97		
1766	17.6600	-92	-99		
1767	17.6700	-92	-101		
1768	17.6800	-92	-102		
1769	17.6900	-91	-104		
1770	17.7000	-91	-105		
1771	17.7100	-90	-106		
1772	17.7200	-90	-106		
1773	17.7300	-90	-106		
1774	17.7400	-90	-106		
1775	17.7500	-89	-106		
1776	17.7600	-89	-105		
1777	17.7700	-89	-104		
1778	17.7800	-88	-102		
1779	17.7900	-88	-101		
1780	17.8000	-88	-99		
1781	17.8100	-88	-97		
1782	17.8200	-88	-95		
1783	17.8300	-88	-92		
1784	17.8400	-89	-89		
1785	17.8500	-89	-86		
1786	17.8600	-89	-83		
1787	17.8700	-89	-79		
1788	17.8800	-90	-76		
1789	17.8900	-90	-72		
1790	17.9000	-90	-68		
1791	17.9100	-90	-64		
1792	17.9200	-91	-60		
1793	17.9300	-92	-55		
1794	17.9400	-92	-51		
1795	17.9500	-92	-46		
1796	17.9600	-93	-42		
1797	17.9700	-94	-37		
1798	17.9800	-94	-33		
1799	17.9900	-95	-28		
1800	18.0000	-96	-24		
1801	18.0100	-96	-19		
1802	18.0200	-97	-15		
1803	18.0300	-98	-10		
1804	18.0400	-98	-6		
1805	18.0500	-99	-2		
1806	18.0600	-100	2		
1807	18.0700	-100	6		
1808	18.0800	-101	9		
1809	18.0900	-102	13		
1810	18.1000	-102	16		
1811	18.1100	-103	19		
1812	18.1200	-104	22		
1813	18.1300	-104	24		
1814	18.1400	-105	27		
1815	18.1500	-105	29		
1816	18.1600	-106	31		
1817	18.1700	-106	32		
1818	18.1800	-107	34		
1819	18.1900	-107	35		
1820	18.2000	-108	35		
1821	18.2100	-108	36		
1822	18.2200	-108	36		
1823	18.2300	-108	36		
1824	18.2400	-109	35		
1825	18.2500	-109	34		
1826	18.2600	-109	33		
1827	18.2700	-109	32		
1828	18.2800	-109	30		
1829	18.2900	-110	29		
1830	18.3000	-110	26		
1831	18.3100	-109	24		
1832	18.3200	-109	22		
1833	18.3300	-109	19		
1834	18.3400	-109	16		
1835	18.3500	-108	12		
1836	18.3600	-108	9		
1837	18.3700	-108	5		
1838	18.3800	-108	2		
1839	18.3900	-107	-2		
1840	18.4000	-107	-7		
1841	18.4100	-106	-11		
1842	18.4200	-106	-15		
1843	18.4300	-106	-20		
1844	18.4400	-105	-24		
1845	18.4500	-104	-29		
1846	18.4600	-104	-33		
1847	18.4700	-103	-38		
1848	18.4800	-102	-42		
1849	18.4900	-102	-47		
1850	18.5000	-101	-51		
1851	18.5100	-100	-56		
1852	18.5200	-100	-60		
1853	18.5300	-99	-64		
1854	18.5400	-98	-68		
1855	18.5500	-98	-72		
1856	18.5600	-97	-76		
1857	18.5700	-97	-80		
1858	18.5800	-96	-83		
1859	18.5900	-96	-86		
1860	18.6000	-95	-89		
1861	18.6100	-94	-92		
1862	18.6200	-94	-95		
1863	18.6300	-93	-97		
1864	18.6400	-92	-99		
1865	18.6500	-92	-101		
1866	18.6600	-92	-103		
1867	18.6700	-91	-104		
1868	18.6800	-91	-105		
1869	18.6900	-90	-106		
1870	18.7000	-90	-106		
1871	18.7100	-90	-106		
1872	18.7200	-90	-106		
1873	18.7300	-89	-106		
1874	18.7400	-89	-105		
1875	18.7500	-89	-104		
1876	18.7600	-88	-103		
1877	18.7700	-88	-101		
1878	18.7800	-88	-99		
1879	18.7900	-88	-97		
1880	18.8000	-88	-95		
1881	18.8100	-88	-92		
1882	18.8200	-89	-89		
1883	18.8300	-89	-86		
1884	18.8400	-89	-83		
1885	18.8500	-89	-80		
1886	18.8600	-90	-76		
1887	18.8700	-90	-72		
1888	18.8800	-90	-68		
1889	18.8900	-90	-64		
1890	18.9000	-91	-60		
1891	18.9100	-92	-55		
1892	18.9200	-92	-51		
1893	18.9300	-92	-46		
1894	18.9400	-93	-42		
1895	18.9500	-94	-37		
1896	18.9600	-94	-33		
1897	18.9700	-95	-28		
1898	18.9800	-96	-24		
1899	18.9900	-96	-19		
1900	19.0000	-97	-15		
1901	19.0100	-98	-10		
1902	19.0200	-98	-6		
1903	19.0300	-99	-2		
1904	19.0400	-100	2		
1905	19.0500	-100	6		
1906	19.0600	-101	9		
1907	19.0700	-102	13		
1908	19.0800	-102	16		
1909	19.0900	-103	19		
1910	19.1000	-104	22		
1911	19.1100	-104	25		
1912	19.1200	-105	27		
1913	19.1300	-105	29		
1914	19.1400	-106	31		
1915	19.1500	-106	32		
1916	19.1600	-107	34		
1917	19.1700	-107	35		
1918	19.1800	-108	35		
1919	19.1900	-108	36		
1920	19.2000	-108	36		
1921	19.2100	-108	36		
1922	19.2200	-109	35		
1923	19.2300	-109	34		
1924	19.2400	-109	34		
1925	19.2500	-109	32		
1926	19.2600	-110	30		
1927	19.2700	-110	29		
1928	19.2800	-110	27		
1929	19.2900	-109	24		
1930	19.3000	-109	22		
1931	19.3100	-109	19		
1932	19.3200	-109	16		
1933	19.3300	-108	12		
1934	19.3400	-108	9		
1935	19.3500	-108	5		
1936	19.3600	-108	2		
1937	19.3700	-107	-2		
1938	19.3800	-107	-7		
1939	19.3900	-106	-11		
1940	19.4000	-106	-15		
1941	19.4100	-106	-20		
1942	19.4200	-105	-24		
1943	19.4300	-104	-29		
1944	19.4400	-104	-33		
1945	19.4500	-103	-38		
1946	19.4600	-102	-42		
1947	19.4700	-102	-47		
1948	19.4800	-101	-51		
1949	19.4900	-100	-56		
1950	19.5000	-100	-60		
1951	19.5100	-99	-64		
1952	19.5200	-98	-68		
1953	19.5300	-98	-72		
1954	19.5400	-97	-76		
1955	19.5500	-97	-80		
1956	19.5600	-96	-83		
1957	19.5700	-96	-86		
1958	19.5800	-95	-89		
1959	19.5900	-94	-92		
1960	19.6000	-94	-95		
1961	19.6100	-93	-97		
1962	19.6200	-92	-99		
1963	19.6300	-92	-101		
1964	19.6400	-92	-103		
1965	19.6500	-91	-104		
1966	19.6600	-91	-105		
1967	19.6700	-90	-106		
1968	19.6800	-90	-106		
1969	19.6900	-90	-106		
1970	19.7000	-90	-106		
1971	19.7100	-89	-106		
1972	19.7200	-89	-105		
1973	19.7300	-89	-104		
1974	19.7400	-88	-103		
1975	19.7500	-88	-101		
1976	19.7600	-88	-99		
1977	19.7700	-88	-97		
1978	19.7800	-88	-95		
1979	19.7900	-88	-92		
1980	19.8000	-89	-89		
1981	19.8100	-89	-86		
1982	19.8200	-89	-83		
1983	19.8300	-89	-79		
1984	19.8400	-90	-76		
1985	19.8500	-90	-72		
1986	19.8600	-90	-68		
1987	19.8700	-91	-64		
1988	19.8800	-91	-60		
1989	19.8900	-92	-55		
1990	19.9000	-92	-51		
1991	19.9100	-92	-46		
1992	19.9200	-93	-42		
1993	19.9300	-94	-37		
1994	19.9400	-94	-33		
1995	19.9500	-95	-28		
1996	19.9600	-96	-24		
1997	19.9700	-96	-19		
1998	19.9800	-97	-15		
1999	19.9900	-98	-11		
2000	20.0000	-98	-6		
