#	time(s)	count A	count B	count C	count D
1	0.0100	8	41		
2	0.0200	7	44		
3	0.0300	6	48		
4	0.0400	6	51		
5	0.0500	5	54		
6	0.0600	4	57		
7	0.0700	4	60		
8	0.0800	3	62		
9	0.0900	3	64		
10	0.1000	2	66		
11	0.1100	2	68		
12	0.1200	1	70		
13	0.1300	1	71		
14	0.1400	0	72		
15	0.1500	0	72		
16	0.1600	0	73		
17	0.1700	-1	73		
18	0.1800	-1	72		
19	0.1900	-1	72		
20	0.2000	-1	71		
21	0.2100	-2	70		
22	0.2200	-2	69		
23	0.2300	-2	68		
24	0.2400	-2	66		
25	0.2500	-2	64		
26	0.2600	-2	61		
27	0.2700	-1	59		
28	0.2800	-1	56		
29	0.2900	-1	53		
30	0.3000	-1	50		
31	0.3100	0	46		
32	0.3200	0	43		
33	0.3300	0	39		
34	0.3400	1	35		
35	0.3500	1	31		
36	0.3600	2	27		
37	0.3700	2	23		
38	0.3800	3	19		
39	0.3900	3	14		
40	0.4000	4	10		
41	0.4100	4	6		
42	0.4200	5	1		
43	0.4300	6	-3		
44	0.4400	6	-8		
45	0.4500	7	-12		
46	0.4600	8	-16		
47	0.4700	8	-20		
48	0.4800	9	-24		
49	0.4900	10	-28		
50	0.5000	10	-32		
51	0.5100	11	-36		
52	0.5200	12	-39		
53	0.5300	12	-42		
54	0.5400	13	-45		
55	0.5500	13	-48		
56	0.5600	14	-51		
57	0.5700	14	-53		
58	0.5800	15	-55		
59	0.5900	16	-57		
60	0.6000	16	-59		
61	0.6100	16	-60		
62	0.6200	17	-62		
63	0.6300	17	-62		
64	0.6400	18	-63		
65	0.6500	18	-64		
66	0.6600	18	-64		
67	0.6700	18	-63		
68	0.6800	19	-63		
69	0.6900	19	-62		
70	0.7000	19	-61		
71	0.7100	19	-60		
72	0.7200	19	-58		
73	0.7300	19	-56		
74	0.7400	19	-54		
75	0.7500	19	-52		
76	0.7600	19	-49		
77	0.7700	19	-46		
78	0.7800	19	-44		
79	0.7900	18	-40		
80	0.8000	18	-37		
81	0.8100	18	-33		
82	0.8200	18	-30		
83	0.8300	17	-26		
84	0.8400	17	-22		
85	0.8500	16	-18		
86	0.8600	16	-14		
87	0.8700	15	-9		
88	0.8800	15	-5		
89	0.8900	14	0		
90	0.9000	14	4		
91	0.9100	13	8		
92	0.9200	12	12		
93	0.9300	12	17		
94	0.9400	11	21		
95	0.9500	10	26		
96	0.9600	10	30		
97	0.9700	9	34		
98	0.9800	8	38		
99	0.9900	8	41		
100	1.0000	7	45		
101	1.0100	6	48		
102	1.0200	6	52		
103	1.0300	5	55		
104	1.0400	4	58		
105	1.0500	4	60		
106	1.0600	3	63		
107	1.0700	2	65		
108	1.0800	2	67		
109	1.0900	2	68		
110	1.1000	1	70		
111	1.1100	0	71		
112	1.1200	0	72		
113	1.1300	0	72		
114	1.1400	0	73		
115	1.1500	-1	73		
116	1.1600	-1	72		
117	1.1700	-1	72		
118	1.1800	-2	71		
119	1.1900	-2	70		
120	1.2000	-2	69		
121	1.2100	-2	67		
122	1.2200	-2	65		
123	1.2300	-2	63		
124	1.2400	-2	61		
125	1.2500	-1	58		
126	1.2600	-1	55		
127	1.2700	-1	52		
128	1.2800	0	49		
129	1.2900	0	46		
130	1.3000	0	42		
131	1.3100	0	38		
132	1.3200	1	34		
133	1.3300	1	30		
134	1.3400	2	26		
135	1.3500	2	22		
136	1.3600	3	18		
137	1.3700	4	14		
138	1.3800	4	9		
139	1.3900	4	5		
140	1.4000	5	0		
141	1.4100	6	-4		
142	1.4200	6	-8		
143	1.4300	7	-12		
144	1.4400	8	-17		
145	1.4500	8	-21		
146	1.4600	9	-25		
147	1.4700	10	-28		
148	1.4800	10	-32		
149	1.4900	11	-36		
150	1.5000	12	-39		
151	1.5100	12	-42		
152	1.5200	13	-46		
153	1.5300	14	-48		
154	1.5400	14	-51		
155	1.5500	14	-54		
156	1.5600	15	-56		
157	1.5700	16	-58		
158	1.5800	16	-59		
159	1.5900	16	-60		
160	1.6000	17	-62		
161	1.6100	17	-62		
162	1.6200	18	-63		
163	1.6300	18	-64		
164	1.6400	18	-64		
165	1.6500	18	-63		
166	1.6600	19	-63		
167	1.6700	19	-62		
168	1.6800	19	-61		
169	1.6900	19	-60		
170	1.7000	19	-58		
171	1.7100	19	-56		
172	1.7200	19	-54		
173	1.7300	19	-51		
174	1.7400	19	-49		
175	1.7500	19	-46		
176	1.7600	19	-43		
177	1.7700	18	-40		
178	1.7800	18	-36		
179	1.7900	18	-33		
180	1.8000	18	-29		
181	1.8100	17	-25		
182	1.8200	16	-21		
183	1.8300	16	-17		
184	1.8400	16	-13		
185	1.8500	15	-8		
186	1.8600	14	-4		
187	1.8700	14	0		
188	1.8800	13	4		
189	1.8900	13	9		
190	1.9000	12	13		
191	1.9100	12	18		
192	1.9200	11	22		
193	1.9300	10	26		
194	1.9400	10	30		
195	1.9500	9	34		
196	1.9600	8	38		
197	1.9700	7	42		
198	1.9800	7	46		
199	1.9900	6	49		
200	2.0000	6	52		
201	2.0100	5	55		
202	2.0200	4	58		
203	2.0300	4	60		
204	2.0400	3	63		
205	2.0500	2	65		
206	2.0600	2	67		
207	2.0700	1	68		
208	2.0800	1	70		
209	2.0900	0	71		
210	2.1000	0	72		
211	2.1100	0	72		
212	2.1200	0	72		
213	2.1300	-1	72		
214	2.1400	-1	72		
215	2.1500	-1	72		
216	2.1600	-2	71		
217	2.1700	-2	70		
218	2.1800	-2	68		
219	2.1900	-2	66		
220	2.2000	-2	65		
221	2.2100	-2	62		
222	2.2200	-2	60		
223	2.2300	-1	58		
224	2.2400	-1	55		
225	2.2500	-1	52		
226	2.2600	0	48		
227	2.2700	0	45		
228	2.2800	0	42		
229	2.2900	0	38		
230	2.3000	1	34		
231	2.3100	2	30		
232	2.3200	2	26		
233	2.3300	2	22		
234	2.3400	3	17		
235	2.3500	4	13		
236	2.3600	4	8		
237	2.3700	5	4		
238	2.3800	5	0		
239	2.3900	6	-4		
240	2.4000	7	-9		
241	2.4100	7	-13		
242	2.4200	8	-17		
243	2.4300	8	-21		
244	2.4400	9	-25		
245	2.4500	10	-29		
246	2.4600	10	-33		
247	2.4700	11	-36		
248	2.4800	12	-40		
249	2.4900	12	-43		
250	2.5000	13	-46		
251	2.5100	14	-49		
252	2.5200	14	-52		
253	2.5300	15	-54		
254	2.5400	15	-56		
255	2.5500	16	-58		
256	2.5600	16	-59		
257	2.5700	17	-60		
258	2.5800	17	-62		
259	2.5900	18	-62		
260	2.6000	18	-63		
261	2.6100	18	-63		
262	2.6200	18	-63		
263	2.6300	19	-63		
264	2.6400	19	-62		
265	2.6500	19	-62		
266	2.6600	19	-60		
267	2.6700	19	-59		
268	2.6800	19	-57		
269	2.6900	19	-55		
270	2.7000	19	-53		
271	2.7100	19	-51		
272	2.7200	19	-48		
273	2.7300	19	-45		
274	2.7400	18	-42		
275	2.7500	18	-39		
276	2.7600	18	-36		
277	2.7700	18	-32		
278	2.7800	17	-28		
279	2.7900	17	-24		
280	2.8000	16	-20		
281	2.8100	16	-16		
282	2.8200	16	-12		
283	2.8300	15	-8		
284	2.8400	14	-4		
285	2.8500	14	1		
286	2.8600	13	5		
287	2.8700	12	10		
288	2.8800	12	14		
289	2.8900	11	18		
290	2.9000	11	22		
291	2.9100	10	27		
292	2.9200	9	31		
293	2.9300	8	35		
294	2.9400	8	38		
295	2.9500	7	42		
296	2.9600	6	46		
297	2.9700	6	49		
298	2.9800	5	52		
299	2.9900	4	55		
300	3.0000	4	58		
301	3.0100	3	61		
302	3.0200	3	63		
303	3.0300	2	65		
304	3.0400	2	67		
305	3.0500	1	68		
306	3.0600	1	70		
307	3.0700	0	71		
308	3.0800	0	72		
309	3.0900	0	72		
310	3.1000	-1	72		
311	3.1100	-1	72		
312	3.1200	-1	72		
313	3.1300	-1	71		
314	3.1400	-2	70		
315	3.1500	-2	69		
316	3.1600	-2	68		
317	3.1700	-2	66		
318	3.1800	-2	64		
319	3.1900	-2	62		
320	3.2000	-2	60		
321	3.2100	-1	57		
322	3.2200	-1	54		
323	3.2300	-1	51		
324	3.2400	0	48		
325	3.2500	0	44		
326	3.2600	0	40		
327	3.2700	1	37		
328	3.2800	1	33		
329	3.2900	2	29		
330	3.3000	2	25		
331	3.3100	2	20		
332	3.3200	3	16		
333	3.3300	4	12		
334	3.3400	4	8		
335	3.3500	5	4		
336	3.3600	6	-1		
337	3.3700	6	-5		
338	3.3800	7	-10		
339	3.3900	7	-14		
340	3.4000	8	-18		
341	3.4100	9	-22		
342	3.4200	9	-26		
343	3.4300	10	-30		
344	3.4400	11	-33		
345	3.4500	11	-37		
346	3.4600	12	-40		
347	3.4700	12	-43		
348	3.4800	13	-46		
349	3.4900	14	-49		
350	3.5000	14	-52		
351	3.5100	15	-54		
352	3.5200	15	-56		
353	3.5300	16	-58		
354	3.5400	16	-59		
355	3.5500	17	-60		
356	3.5600	17	-62		
357	3.5700	18	-62		
358	3.5800	18	-63		
359	3.5900	18	-63		
360	3.6000	18	-63		
361	3.6100	19	-62		
362	3.6200	19	-62		
363	3.6300	19	-61		
364	3.6400	19	-60		
365	3.6500	19	-58		
366	3.6600	19	-56		
367	3.6700	19	-54		
368	3.6800	19	-52		
369	3.6900	19	-50		
370	3.7000	19	-47		
371	3.7100	19	-44		
372	3.7200	18	-41		
373	3.7300	18	-38		
374	3.7400	18	-34		
375	3.7500	18	-31		
376	3.7600	17	-27		
377	3.7700	17	-23		
378	3.7800	16	-19		
379	3.7900	16	-15		
380	3.8000	15	-11		
381	3.8100	15	-7		
382	3.8200	14	-2		
383	3.8300	14	2		
384	3.8400	13	6		
385	3.8500	12	10		
386	3.8600	12	15		
387	3.8700	11	19		
388	3.8800	10	23		
389	3.8900	10	28		
390	3.9000	9	32		
391	3.9100	8	36		
392	3.9200	8	39		
393	3.9300	7	43		
394	3.9400	6	46		
395	3.9500	6	50		
396	3.9600	5	53		
397	3.9700	4	56		
398	3.9800	4	58		
399	3.9900	3	61		
400	4.0000	3	63		
401	4.0100	2	65		
402	4.0200	2	67		
403	4.0300	1	68		
404	4.0400	1	70		
405	4.0500	0	71		
406	4.0600	0	72		
407	4.0700	0	72		
408	4.0800	-1	72		
409	4.0900	-1	72		
410	4.1000	-1	72		
411	4.1100	-1	71		
412	4.1200	-2	70		
413	4.1300	-2	68		
414	4.1400	-2	67		
415	4.1500	-2	65		
416	4.1600	-2	63		
417	4.1700	-2	61		
418	4.1800	-1	59		
419	4.1900	-1	56		
420	4.2000	-1	53		
421	4.2100	-1	50		
422	4.2200	0	46		
423	4.2300	0	43		
424	4.2400	0	40		
425	4.2500	1	36		
426	4.2600	1	32		
427	4.2700	2	28		
428	4.2800	2	24		
429	4.2900	3	20		
430	4.3000	3	15		
431	4.3100	4	11		
432	4.3200	4	7		
433	4.3300	5	2		
434	4.3400	6	-2		
435	4.3500	6	-6		
436	4.3600	7	-10		
437	4.3700	8	-15		
438	4.3800	8	-19		
439	4.3900	9	-23		
440	4.4000	10	-27		
441	4.4100	10	-30		
442	4.4200	11	-34		
443	4.4300	11	-38		
444	4.4400	12	-41		
445	4.4500	13	-44		
446	4.4600	13	-47		
447	4.4700	14	-50		
448	4.4800	14	-52		
449	4.4900	15	-54		
450	4.5000	15	-56		
451	4.5100	16	-58		
452	4.5200	16	-60		
453	4.5300	17	-60		
454	4.5400	17	-62		
455	4.5500	18	-62		
456	4.5600	18	-62		
457	4.5700	18	-63		
458	4.5800	18	-62		
459	4.5900	19	-62		
460	4.6000	19	-62		
461	4.6100	19	-60		
462	4.6200	19	-59		
463	4.6300	19	-58		
464	4.6400	19	-56		
465	4.6500	19	-54		
466	4.6600	19	-52		
467	4.6700	19	-49		
468	4.6800	19	-46		
469	4.6900	19	-44		
470	4.7000	18	-40		
471	4.7100	18	-37		
472	4.7200	18	-34		
473	4.7300	18	-30		
474	4.7400	17	-26		
475	4.7500	17	-22		
476	4.7600	16	-18		
477	4.7700	16	-14		
478	4.7800	15	-10		
479	4.7900	15	-6		
480	4.8000	14	-2		
481	4.8100	14	3		
482	4.8200	13	7		
483	4.8300	12	12		
484	4.8400	12	16		
485	4.8500	11	20		
486	4.8600	10	24		
487	4.8700	10	28		
488	4.8800	9	32		
489	4.8900	8	36		
490	4.9000	8	40		
491	4.9100	7	44		
492	4.9200	6	47		
493	4.9300	6	50		
494	4.9400	5	54		
495	4.9500	4	56		
496	4.9600	4	59		
497	4.9700	3	62		
498	4.9800	2	64		
499	4.9900	2	66		
500	5.0000	2	67		
501	5.0100	1	69		
502	5.0200	1	70		
503	5.0300	0	71		
504	5.0400	0	72		
505	5.0500	0	72		
506	5.0600	-1	72		
507	5.0700	-1	72		
508	5.0800	-1	71		
509	5.0900	-2	70		
510	5.1000	-2	70		
511	5.1100	-2	68		
512	5.1200	-2	66		
513	5.1300	-2	65		
514	5.1400	-2	63		
515	5.1500	-2	60		
516	5.1600	-1	58		
517	5.1700	-1	55		
518	5.1800	-1	52		
519	5.1900	-1	49		
520	5.2000	0	46		
521	5.2100	0	42		
522	5.2200	0	38		
523	5.2300	1	35		
524	5.2400	1	31		
525	5.2500	2	27		
526	5.2600	2	23		
527	5.2700	3	18		
528	5.2800	3	14		
529	5.2900	4	10		
530	5.3000	4	6		
531	5.3100	5	1		
532	5.3200	6	-3		
533	5.3300	6	-7		
534	5.3400	7	-12		
535	5.3500	8	-16		
536	5.3600	8	-20		
537	5.3700	9	-24		
538	5.3800	10	-28		
539	5.3900	10	-31		
540	5.4000	11	-35		
541	5.4100	12	-38		
542	5.4200	12	-42		
543	5.4300	13	-44		
544	5.4400	13	-48		
545	5.4500	14	-50		
546	5.4600	14	-52		
547	5.4700	15	-54		
548	5.4800	16	-56		
549	5.4900	16	-58		
550	5.5000	16	-60		
551	5.5100	17	-61		
552	5.5200	17	-62		
553	5.5300	18	-62		
554	5.5400	18	-62		
555	5.5500	18	-63		
556	5.5600	18	-62		
557	5.5700	19	-62		
558	5.5800	19	-61		
559	5.5900	19	-60		
560	5.6000	19	-59		
561	5.6100	19	-57		
562	5.6200	19	-56		
563	5.6300	19	-53		
564	5.6400	19	-51		
565	5.6500	19	-48		
566	5.6600	19	-46		
567	5.6700	19	-43		
568	5.6800	18	-40		
569	5.6900	18	-36		
570	5.7000	18	-33		
571	5.7100	18	-29		
572	5.7200	17	-25		
573	5.7300	17	-21		
574	5.7400	16	-17		
575	5.7500	16	-13		
576	5.7600	15	-9		
577	5.7700	15	-5		
578	5.7800	14	0		
579	5.7900	14	4		
580	5.8000	13	8		
581	5.8100	12	12		
582	5.8200	12	17		
583	5.8300	11	21		
584	5.8400	10	25		
585	5.8500	10	29		
586	5.8600	9	33		
587	5.8700	8	37		
588	5.8800	8	41		
589	5.8900	7	44		
590	5.9000	6	48		
591	5.9100	6	51		
592	5.9200	5	54		
593	5.9300	4	57		
594	5.9400	4	60		
595	5.9500	3	62		
596	5.9600	2	64		
597	5.9700	2	66		
598	5.9800	2	68		
599	5.9900	1	69		
600	6.0000	0	70		
601	6.0100	0	71		
602	6.0200	0	72		
603	6.0300	0	72		
604	6.0400	-1	72		
605	6.0500	-1	72		
606	6.0600	-1	71		
607	6.0700	-2	70		
608	6.0800	-2	69		
609	6.0900	-2	68		
610	6.1000	-2	66		
611	6.1100	-2	64		
612	6.1200	-2	62		
613	6.1300	-2	60		
614	6.1400	-1	57		
615	6.1500	-1	54		
616	6.1600	-1	52		
617	6.1700	0	48		
618	6.1800	0	45		
619	6.1900	0	42		
620	6.2000	0	38		
621	6.2100	1	34		
622	6.2200	1	30		
623	6.2300	2	26		
624	6.2400	2	22		
625	6.2500	3	18		
626	6.2600	4	13		
627	6.2700	4	9		
628	6.2800	5	5		
629	6.2900	5	0		
630	6.3000	6	-4		
631	6.3100	6	-8		
632	6.3200	7	-12		
633	6.3300	8	-16		
634	6.3400	8	-21		
635	6.3500	9	-24		
636	6.3600	10	-28		
637	6.3700	10	-32		
638	6.3800	11	-36		
639	6.3900	12	-39		
640	6.4000	12	-42		
641	6.4100	13	-45		
642	6.4200	14	-48		
643	6.4300	14	-50		
644	6.4400	14	-53		
645	6.4500	15	-55		
646	6.4600	16	-57		
647	6.4700	16	-58		
648	6.4800	16	-60		
649	6.4900	17	-61		
650	6.5000	17	-62		
651	6.5100	18	-62		
652	6.5200	18	-62		
653	6.5300	18	-62		
654	6.5400	18	-62		
655	6.5500	19	-62		
656	6.5600	19	-61		
657	6.5700	19	-60		
658	6.5800	19	-58		
659	6.5900	19	-57		
660	6.6000	19	-55		
661	6.6100	19	-53		
662	6.6200	19	-50		
663	6.6300	19	-48		
664	6.6400	19	-45		
665	6.6500	18	-42		
666	6.6600	18	-39		
667	6.6700	18	-36		
668	6.6800	18	-32		
669	6.6900	17	-28		
670	6.7000	17	-24		
671	6.7100	16	-20		
672	6.7200	16	-16		
673	6.7300	16	-12		
674	6.7400	15	-8		
675	6.7500	14	-4		
676	6.7600	14	1		
677	6.7700	13	5		
678	6.7800	13	9		
679	6.7900	12	14		
680	6.8000	12	18		
681	6.8100	11	22		
682	6.8200	10	26		
683	6.8300	10	30		
684	6.8400	9	34		
685	6.8500	8	38		
686	6.8600	7	42		
687	6.8700	7	45		
688	6.8800	6	48		
689	6.8900	6	52		
690	6.9000	5	55		
691	6.9100	4	58		
692	6.9200	4	60		
693	6.9300	3	62		
694	6.9400	2	64		
695	6.9500	2	66		
696	6.9600	1	68		
697	6.9700	1	69		
698	6.9800	0	70		
699	6.9900	0	71		
700	7.0000	0	72		
701	7.0100	-1	72		
702	7.0200	-1	72		
703	7.0300	-1	72		
704	7.0400	-1	71		
705	7.0500	-2	70		
706	7.0600	-2	69		
707	7.0700	-2	67		
708	7.0800	-2	66		
709	7.0900	-2	64		
710	7.1000	-2	62		
711	7.1100	-2	59		
712	7.1200	-1	56		
713	7.1300	-1	54		
714	7.1400	-1	51		
715	7.1500	0	48		
716	7.1600	0	44		
717	7.1700	0	40		
718	7.1800	0	37		
719	7.1900	1	33		
720	7.2000	2	29		
721	7.2100	2	25		
722	7.2200	2	21		
723	7.2300	3	16		
724	7.2400	4	12		
725	7.2500	4	8		
726	7.2600	5	4		
727	7.2700	5	-1		
728	7.2800	6	-5		
729	7.2900	6	-9		
730	7.3000	7	-13		
731	7.3100	8	-18		
732	7.3200	8	-22		
733	7.3300	9	-26		
734	7.3400	10	-29		
735	7.3500	10	-33		
736	7.3600	11	-36		
737	7.3700	12	-40		
738	7.3800	12	-43		
739	7.3900	13	-46		
740	7.4000	14	-48		
741	7.4100	14	-51		
742	7.4200	15	-54		
743	7.4300	15	-56		
744	7.4400	16	-57		
745	7.4500	16	-59		
746	7.4600	17	-60		
747	7.4700	17	-61		
748	7.4800	18	-62		
749	7.4900	18	-62		
750	7.5000	18	-62		
751	7.5100	18	-62		
752	7.5200	19	-62		
753	7.5300	19	-62		
754	7.5400	19	-61		
755	7.5500	19	-60		
756	7.5600	19	-58		
757	7.5700	19	-56		
758	7.5800	19	-54		
759	7.5900	19	-52		
760	7.6000	19	-50		
761	7.6100	19	-47		
762	7.6200	19	-44		
763	7.6300	18	-41		
764	7.6400	18	-38		
765	7.6500	18	-34		
766	7.6600	18	-31		
767	7.6700	17	-27		
768	7.6800	17	-24		
769	7.6900	16	-20		
770	7.7000	16	-15		
771	7.7100	16	-11		
772	7.7200	15	-7		
773	7.7300	14	-2		
774	7.7400	14	2		
775	7.7500	13	6		
776	7.7600	12	10		
777	7.7700	12	15		
778	7.7800	11	19		
779	7.7900	11	23		
780	7.8000	10	27		
781	7.8100	9	31		
782	7.8200	8	35		
783	7.8300	8	39		
784	7.8400	7	43		
785	7.8500	6	46		
786	7.8600	6	50		
787	7.8700	5	52		
788	7.8800	4	56		
789	7.8900	4	58		
790	7.9000	3	61		
791	7.9100	3	63		
792	7.9200	2	65		
793	7.9300	2	67		
794	7.9400	1	68		
795	7.9500	1	70		
796	7.9600	0	70		
797	7.9700	0	71		
798	7.9800	0	72		
799	7.9900	-1	72		
800	8.0000	-1	72		
801	8.0100	-1	71		
802	8.0200	-1	71		
803	8.0300	-2	70		
804	8.0400	-2	68		
805	8.0500	-2	67		
806	8.0600	-2	65		
807	8.0700	-2	63		
808	8.0800	-2	61		
809	8.0900	-2	59		
810	8.1000	-1	56		
811	8.1100	-1	53		
812	8.1200	-1	50		
813	8.1300	0	47		
814	8.1400	0	43		
815	8.1500	0	40		
816	8.1600	1	36		
817	8.1700	1	32		
818	8.1800	2	28		
819	8.1900	2	24		
820	8.2000	2	20		
821	8.2100	3	16		
822	8.2200	4	11		
823	8.2300	4	7		
824	8.2400	5	3		
825	8.2500	6	-2		
826	8.2600	6	-6		
827	8.2700	7	-10		
828	8.2800	7	-14		
829	8.2900	8	-18		
830	8.3000	9	-22		
831	8.3100	9	-26		
832	8.3200	10	-30		
833	8.3300	11	-34		
834	8.3400	11	-37		
835	8.3500	12	-40		
836	8.3600	12	-44		
837	8.3700	13	-46		
838	8.3800	14	-49		
839	8.3900	14	-52		
840	8.4000	15	-54		
841	8.4100	15	-56		
842	8.4200	16	-58		
843	8.4300	16	-59		
844	8.4400	17	-60		
845	8.4500	17	-61		
846	8.4600	18	-62		
847	8.4700	18	-62		
848	8.4800	18	-62		
849	8.4900	18	-62		
850	8.5000	19	-62		
851	8.5100	19	-62		
852	8.5200	19	-60		
853	8.5300	19	-59		
854	8.5400	19	-58		
855	8.5500	19	-56		
856	8.5600	19	-54		
857	8.5700	19	-52		
858	8.5800	19	-49		
859	8.5900	19	-46		
860	8.6000	19	-44		
861	8.6100	18	-40		
862	8.6200	18	-37		
863	8.6300	18	-34		
864	8.6400	18	-30		
865	8.6500	17	-26		
866	8.6600	17	-22		
867	8.6700	16	-18		
868	8.6800	16	-14		
869	8.6900	15	-10		
870	8.7000	15	-6		
871	8.7100	14	-2		
872	8.7200	14	3		
873	8.7300	13	7		
874	8.7400	12	11		
875	8.7500	12	16		
876	8.7600	11	20		
877	8.7700	10	24		
878	8.7800	10	28		
879	8.7900	9	32		
880	8.8000	8	36		
881	8.8100	8	40		
882	8.8200	7	44		
883	8.8300	6	47		
884	8.8400	6	50		
885	8.8500	5	53		
886	8.8600	4	56		
887	8.8700	4	59		
888	8.8800	3	61		
889	8.8900	3	64		
890	8.9000	2	66		
891	8.9100	2	67		
892	8.9200	1	69		
893	8.9300	1	70		
894	8.9400	0	71		
895	8.9500	0	72		
896	8.9600	0	72		
897	8.9700	-1	72		
898	8.9800	-1	72		
899	8.9900	-1	71		
900	9.0000	-1	70		
901	9.0100	-2	70		
902	9.0200	-2	68		
903	9.0300	-2	67		
904	9.0400	-2	65		
905	9.0500	-2	63		
906	9.0600	-2	61		
907	9.0700	-1	58		
908	9.0800	-1	56		
909	9.0900	-1	52		
910	9.1000	-1	50		
911	9.1100	0	46		
912	9.1200	0	42		
913	9.1300	0	39		
914	9.1400	1	35		
915	9.1500	1	31		
916	9.1600	2	27		
917	9.1700	2	23		
918	9.1800	3	19		
919	9.1900	3	15		
920	9.2000	4	10		
921	9.2100	4	6		
922	9.2200	5	2		
923	9.2300	6	-3		
924	9.2400	6	-7		
925	9.2500	7	-11		
926	9.2600	8	-15		
927	9.2700	8	-20		
928	9.2800	9	-24		
929	9.2900	10	-27		
930	9.3000	10	-31		
931	9.3100	11	-35		
932	9.3200	12	-38		
933	9.3300	12	-41		
934	9.3400	13	-44		
935	9.3500	13	-47		
936	9.3600	14	-50		
937	9.3700	14	-52		
938	9.3800	15	-54		
939	9.3900	16	-56		
940	9.4000	16	-58		
941	9.4100	16	-60		
942	9.4200	17	-61		
943	9.4300	17	-62		
944	9.4400	18	-62		
945	9.4500	18	-63		
946	9.4600	18	-63		
947	9.4700	18	-63		
948	9.4800	19	-62		
949	9.4900	19	-62		
950	9.5000	19	-60		
951	9.5100	19	-59		
952	9.5200	19	-58		
953	9.5300	19	-56		
954	9.5400	19	-54		
955	9.5500	19	-52		
956	9.5600	19	-49		
957	9.5700	19	-46		
958	9.5800	19	-43		
959	9.5900	18	-40		
960	9.6000	18	-37		
961	9.6100	18	-33		
962	9.6200	18	-30		
963	9.6300	17	-26		
964	9.6400	17	-22		
965	9.6500	16	-18		
966	9.6600	16	-14		
967	9.6700	15	-10		
968	9.6800	15	-5		
969	9.6900	14	-1		
970	9.7000	14	4		
971	9.7100	13	8		
972	9.7200	12	12		
973	9.7300	12	16		
974	9.7400	11	20		
975	9.7500	10	25		
976	9.7600	10	29		
977	9.7700	9	33		
978	9.7800	8	37		
979	9.7900	8	40		
980	9.8000	7	44		
981	9.8100	6	48		
982	9.8200	6	51		
983	9.8300	5	54		
984	9.8400	4	57		
985	9.8500	4	60		
986	9.8600	3	62		
987	9.8700	2	64		
988	9.8800	2	66		
989	9.8900	2	68		
990	9.9000	1	69		
991	9.9100	0	70		
992	9.9200	0	71		
993	9.9300	0	72		
994	9.9400	0	72		
995	9.9500	-1	72		
996	9.9600	-1	72		
997	9.9700	-1	71		
998	9.9800	-2	70		
999	9.9900	-2	69		
1000	10.0000	-2	68		
1001	10.0100	-2	66		
1002	10.0200	-2	65		
1003	10.0300	-2	62		
1004	10.0400	-2	60		
1005	10.0500	-1	58		
1006	10.0600	-1	55		
1007	10.0700	-1	52		
1008	10.0800	0	49		
1009	10.0900	0	46		
1010	10.1000	0	42		
1011	10.1100	0	38		
1012	10.1200	1	34		
1013	10.1300	1	30		
1014	10.1400	2	26		
1015	10.1500	2	22		
1016	10.1600	3	18		
1017	10.1700	3	14		
1018	10.1800	4	10		
1019	10.1900	4	5		
1020	10.2000	5	1		
1021	10.2100	6	-4		
1022	10.2200	6	-8		
1023	10.2300	7	-12		
1024	10.2400	8	-16		
1025	10.2500	8	-20		
1026	10.2600	9	-24		
1027	10.2700	10	-28		
1028	10.2800	10	-32		
1029	10.2900	11	-35		
1030	10.3000	12	-39		
1031	10.3100	12	-42		
1032	10.3200	13	-45		
1033	10.3300	14	-48		
1034	10.3400	14	-50		
1035	10.3500	14	-53		
1036	10.3600	15	-55		
1037	10.3700	16	-57		
1038	10.3800	16	-58		
1039	10.3900	16	-60		
1040	10.4000	17	-61		
1041	10.4100	17	-62		
1042	10.4200	18	-62		
1043	10.4300	18	-63		
1044	10.4400	18	-63		
1045	10.4500	18	-62		
1046	10.4600	19	-62		
1047	10.4700	19	-61		
1048	10.4800	19	-60		
1049	10.4900	19	-59		
1050	10.5000	19	-57		
1051	10.5100	19	-55		
1052	10.5200	19	-53		
1053	10.5300	19	-51		
1054	10.5400	19	-48		
1055	10.5500	19	-46		
1056	10.5600	18	-42		
1057	10.5700	18	-39		
1058	10.5800	18	-36		
1059	10.5900	18	-32		
1060	10.6000	17	-29		
1061	10.6100	17	-25		
1062	10.6200	16	-21		
1063	10.6300	16	-17		
1064	10.6400	16	-13		
1065	10.6500	15	-8		
1066	10.6600	14	-4		
1067	10.6700	14	0		
1068	10.6800	13	4		
1069	10.6900	13	9		
1070	10.7000	12	13		
1071	10.7100	11	17		
1072	10.7200	11	22		
1073	10.7300	10	26		
1074	10.7400	10	30		
1075	10.7500	9	34		
1076	10.7600	8	38		
1077	10.7700	7	41		
1078	10.7800	7	45		
1079	10.7900	6	48		
1080	10.8000	5	52		
1081	10.8100	5	54		
1082	10.8200	4	57		
1083	10.8300	4	60		
1084	10.8400	3	62		
1085	10.8500	2	64		
1086	10.8600	2	66		
1087	10.8700	1	68		
1088	10.8800	1	69		
1089	10.8900	0	70		
1090	10.9000	0	71		
1091	10.9100	0	72		
1092	10.9200	-1	72		
1093	10.9300	-1	72		
1094	10.9400	-1	72		
1095	10.9500	-1	71		
1096	10.9600	-2	70		
1097	10.9700	-2	69		
1098	10.9800	-2	68		
1099	10.9900	-2	66		
1100	11.0000	-2	64		
1101	11.0100	-2	62		
1102	11.0200	-2	60		
1103	11.0300	-1	57		
1104	11.0400	-1	54		
1105	11.0500	-1	51		
1106	11.0600	0	48		
1107	11.0700	0	44		
1108	11.0800	0	41		
1109	11.0900	0	37		
1110	11.1000	1	34		
1111	11.1100	2	30		
1112	11.1200	2	26		
1113	11.1300	2	21		
1114	11.1400	3	17		
1115	11.1500	4	13		
1116	11.1600	4	8		
1117	11.1700	5	4		
1118	11.1800	5	0		
1119	11.1900	6	-4		
1120	11.2000	7	-9		
1121	11.2100	7	-13		
1122	11.2200	8	-17		
1123	11.2300	8	-21		
1124	11.2400	9	-25		
1125	11.2500	10	-29		
1126	11.2600	10	-32		
1127	11.2700	11	-36		
1128	11.2800	12	-40		
1129	11.2900	12	-42		
1130	11.3000	13	-46		
1131	11.3100	14	-48		
1132	11.3200	14	-51		
1133	11.3300	15	-53		
1134	11.3400	15	-55		
1135	11.3500	16	-57		
1136	11.3600	16	-59		
1137	11.3700	17	-60		
1138	11.3800	17	-61		
1139	11.3900	18	-62		
1140	11.4000	18	-62		
1141	11.4100	18	-63		
1142	11.4200	18	-63		
1143	11.4300	19	-62		
1144	11.4400	19	-62		
1145	11.4500	19	-61		
1146	11.4600	19	-60		
1147	11.4700	19	-58		
1148	11.4800	19	-57		
1149	11.4900	19	-55		
1150	11.5000	19	-52		
1151	11.5100	19	-50		
1152	11.5200	19	-48		
1153	11.5300	19	-45		
1154	11.5400	18	-42		
1155	11.5500	18	-38		
1156	11.5600	18	-35		
1157	11.5700	18	-32		
1158	11.5800	17	-28		
1159	11.5900	17	-24		
1160	11.6000	16	-20		
1161	11.6100	16	-16		
1162	11.6200	16	-12		
1163	11.6300	15	-8		
1164	11.6400	14	-3		
1165	11.6500	14	1		
1166	11.6600	13	6		
1167	11.6700	12	10		
1168	11.6800	12	14		
1169	11.6900	11	18		
1170	11.7000	11	22		
1171	11.7100	10	27		
1172	11.7200	9	31		
1173	11.7300	8	35		
1174	11.7400	8	38		
1175	11.7500	7	42		
1176	11.7600	6	46		
1177	11.7700	6	49		
1178	11.7800	5	52		
1179	11.7900	5	55		
1180	11.8000	4	58		
1181	11.8100	3	60		
1182	11.8200	3	63		
1183	11.8300	2	65		
1184	11.8400	2	66		
1185	11.8500	1	68		
1186	11.8600	1	70		
1187	11.8700	0	70		
1188	11.8800	0	71		
1189	11.8900	0	72		
1190	11.9000	-1	72		
1191	11.9100	-1	72		
1192	11.9200	-1	72		
1193	11.9300	-1	71		
1194	11.9400	-2	70		
1195	11.9500	-2	69		
1196	11.9600	-2	67		
1197	11.9700	-2	66		
1198	11.9800	-2	64		
1199	11.9900	-2	62		
1200	12.0000	-2	59		
1201	12.0100	-1	56		
1202	12.0200	-1	54		
1203	12.0300	-1	50		
1204	12.0400	0	47		
1205	12.0500	0	44		
1206	12.0600	0	40		
1207	12.0700	1	36		
1208	12.0800	1	32		
1209	12.0900	2	28		
1210	12.1000	2	24		
1211	12.1100	2	20		
1212	12.1200	3	16		
1213	12.1300	4	12		
1214	12.1400	4	8		
1215	12.1500	5	3		
1216	12.1600	6	-1		
1217	12.1700	6	-6		
1218	12.1800	7	-10		
1219	12.1900	8	-14		
1220	12.2000	8	-18		
1221	12.2100	9	-22		
1222	12.2200	9	-26		
1223	12.2300	10	-30		
1224	12.2400	11	-33		
1225	12.2500	11	-37		
1226	12.2600	12	-40		
1227	12.2700	12	-43		
1228	12.2800	13	-46		
1229	12.2900	14	-49		
1230	12.3000	14	-52		
1231	12.3100	15	-54		
1232	12.3200	15	-56		
1233	12.3300	16	-58		
1234	12.3400	16	-59		
1235	12.3500	17	-60		
1236	12.3600	17	-61		
1237	12.3700	18	-62		
1238	12.3800	18	-62		
1239	12.3900	18	-63		
1240	12.4000	18	-62		
1241	12.4100	19	-62		
1242	12.4200	19	-62		
1243	12.4300	19	-60		
1244	12.4400	19	-60		
1245	12.4500	19	-58		
1246	12.4600	19	-56		
1247	12.4700	19	-54		
1248	12.4800	19	-52		
1249	12.4900	19	-50		
1250	12.5000	19	-47		
1251	12.5100	19	-44		
1252	12.5200	18	-41		
1253	12.5300	18	-38		
1254	12.5400	18	-34		
1255	12.5500	18	-31		
1256	12.5600	17	-27		
1257	12.5700	17	-23		
1258	12.5800	16	-19		
1259	12.5900	16	-15		
1260	12.6000	15	-11		
1261	12.6100	15	-6		
1262	12.6200	14	-2		
1263	12.6300	14	2		
1264	12.6400	13	6		
1265	12.6500	12	11		
1266	12.6600	12	15		
1267	12.6700	11	19		
1268	12.6800	10	24		
1269	12.6900	10	28		
1270	12.7000	9	32		
1271	12.7100	8	36		
1272	12.7200	8	39		
1273	12.7300	7	43		
1274	12.7400	6	46		
1275	12.7500	6	50		
1276	12.7600	5	53		
1277	12.7700	4	56		
1278	12.7800	4	58		
1279	12.7900	3	61		
1280	12.8000	3	63		
1281	12.8100	2	65		
1282	12.8200	2	67		
1283	12.8300	1	68		
1284	12.8400	1	70		
1285	12.8500	0	71		
1286	12.8600	0	71		
1287	12.8700	0	72		
1288	12.8800	-1	72		
1289	12.8900	-1	72		
1290	12.9000	-1	71		
1291	12.9100	-1	70		
1292	12.9200	-2	70		
1293	12.9300	-2	68		
1294	12.9400	-2	67		
1295	12.9500	-2	65		
1296	12.9600	-2	63		
1297	12.9700	-2	61		
1298	12.9800	-1	58		
1299	12.9900	-1	56		
1300	13.0000	-1	53		
1301	13.0100	-1	50		
1302	13.0200	0	46		
1303	13.0300	0	43		
1304	13.0400	0	39		
1305	13.0500	1	36		
1306	13.0600	1	32		
1307	13.0700	2	28		
1308	13.0800	2	24		
1309	13.0900	3	20		
1310	13.1000	3	15		
1311	13.1100	4	11		
1312	13.1200	4	6		
1313	13.1300	5	2		
1314	13.1400	6	-2		
1315	13.1500	6	-6		
1316	13.1600	7	-10		
1317	13.1700	8	-15		
1318	13.1800	8	-19		
1319	13.1900	9	-23		
1320	13.2000	10	-27		
1321	13.2100	10	-30		
1322	13.2200	11	-34		
1323	13.2300	12	-38		
1324	13.2400	12	-41		
1325	13.2500	13	-44		
1326	13.2600	13	-47		
1327	13.2700	14	-50		
1328	13.2800	14	-52		
1329	13.2900	15	-54		
1330	13.3000	16	-56		
1331	13.3100	16	-58		
1332	13.3200	16	-59		
1333	13.3300	17	-60		
1334	13.3400	17	-62		
1335	13.3500	18	-62		
1336	13.3600	18	-62		
1337	13.3700	18	-63		
1338	13.3800	18	-62		
1339	13.3900	19	-62		
1340	13.4000	19	-61		
1341	13.4100	19	-60		
1342	13.4200	19	-59		
1343	13.4300	19	-58		
1344	13.4400	19	-56		
1345	13.4500	19	-54		
1346	13.4600	19	-52		
1347	13.4700	19	-49		
1348	13.4800	19	-46		
1349	13.4900	19	-44		
1350	13.5000	18	-40		
1351	13.5100	18	-37		
1352	13.5200	18	-34		
1353	13.5300	18	-30		
1354	13.5400	17	-26		
1355	13.5500	17	-22		
1356	13.5600	16	-18		
1357	13.5700	16	-14		
1358	13.5800	15	-10		
1359	13.5900	15	-6		
1360	13.6000	14	-1		
1361	13.6100	14	3		
1362	13.6200	13	8		
1363	13.6300	12	12		
1364	13.6400	12	16		
1365	13.6500	11	20		
1366	13.6600	10	24		
1367	13.6700	10	28		
1368	13.6800	9	32		
1369	13.6900	8	36		
1370	13.7000	8	40		
1371	13.7100	7	44		
1372	13.7200	6	47		
1373	13.7300	6	50		
1374	13.7400	5	54		
1375	13.7500	4	56		
1376	13.7600	4	59		
1377	13.7700	3	62		
1378	13.7800	2	64		
1379	13.7900	2	66		
1380	13.8000	2	67		
1381	13.8100	1	69		
1382	13.8200	0	70		
1383	13.8300	0	71		
1384	13.8400	0	72		
1385	13.8500	0	72		
1386	13.8600	-1	72		
1387	13.8700	-1	72		
1388	13.8800	-1	71		
1389	13.8900	-1	70		
1390	13.9000	-2	69		
1391	13.9100	-2	68		
1392	13.9200	-2	66		
1393	13.9300	-2	64		
1394	13.9400	-2	62		
1395	13.9500	-2	60		
1396	13.9600	-1	58		
1397	13.9700	-1	55		
1398	13.9800	-1	52		
1399	13.9900	-1	49		
1400	14.0000	0	46		
1401	14.0100	0	42		
1402	14.0200	0	38		
1403	14.0300	1	34		
1404	14.0400	1	30		
1405	14.0500	2	26		
1406	14.0600	2	22		
1407	14.0700	3	18		
1408	14.0800	3	14		
1409	14.0900	4	10		
1410	14.1000	4	6		
1411	14.1100	5	1		
1412	14.1200	6	-3		
1413	14.1300	6	-8		
1414	14.1400	7	-12		
1415	14.1500	8	-16		
1416	14.1600	8	-20		
1417	14.1700	9	-24		
1418	14.1800	10	-28		
1419	14.1900	10	-32		
1420	14.2000	11	-35		
1421	14.2100	12	-38		
1422	14.2200	12	-42		
1423	14.2300	13	-45		
1424	14.2400	13	-48		
1425	14.2500	14	-50		
1426	14.2600	14	-52		
1427	14.2700	15	-55		
1428	14.2800	16	-57		
1429	14.2900	16	-58		
1430	14.3000	16	-60		
1431	14.3100	17	-61		
1432	14.3200	17	-62		
1433	14.3300	18	-62		
1434	14.3400	18	-63		
1435	14.3500	18	-63		
1436	14.3600	18	-62		
1437	14.3700	19	-62		
1438	14.3800	19	-61		
1439	14.3900	19	-60		
1440	14.4000	19	-59		
1441	14.4100	19	-57		
1442	14.4200	19	-55		
1443	14.4300	19	-53		
1444	14.4400	19	-51		
1445	14.4500	19	-48		
1446	14.4600	19	-46		
1447	14.4700	19	-43		
1448	14.4800	18	-40		
1449	14.4900	18	-36		
1450	14.5000	18	-33		
1451	14.5100	18	-29		
1452	14.5200	17	-25		
1453	14.5300	16	-21		
1454	14.5400	16	-17		
1455	14.5500	16	-13		
1456	14.5600	15	-9		
1457	14.5700	14	-4		
1458	14.5800	14	0		
1459	14.5900	14	4		
1460	14.6000	13	8		
1461	14.6100	12	13		
1462	14.6200	12	17		
1463	14.6300	11	21		
1464	14.6400	10	25		
1465	14.6500	10	30		
1466	14.6600	9	34		
1467	14.6700	8	37		
1468	14.6800	8	41		
1469	14.6900	7	44		
1470	14.7000	6	48		
1471	14.7100	6	51		
1472	14.7200	5	54		
1473	14.7300	4	57		
1474	14.7400	4	60		
1475	14.7500	3	62		
1476	14.7600	2	64		
1477	14.7700	2	66		
1478	14.7800	2	68		
1479	14.7900	1	69		
1480	14.8000	0	70		
1481	14.8100	0	71		
1482	14.8200	0	72		
1483	14.8300	0	72		
1484	14.8400	-1	72		
1485	14.8500	-1	72		
1486	14.8600	-1	71		
1487	14.8700	-2	70		
1488	14.8800	-2	69		
1489	14.8900	-2	68		
1490	14.9000	-2	66		
1491	14.9100	-2	64		
1492	14.9200	-2	62		
1493	14.9300	-2	60		
1494	14.9400	-1	57		
1495	14.9500	-1	54		
1496	14.9600	-1	51		
1497	14.9700	0	48		
1498	14.9800	0	45		
1499	14.9900	0	41		
1500	15.0000	0	38		
1501	15.0100	1	34		
1502	15.0200	1	30		
1503	15.0300	2	26		
1504	15.0400	2	22		
1505	15.0500	3	17		
1506	15.0600	4	13		
1507	15.0700	4	9		
1508	15.0800	5	4		
1509	15.0900	5	0		
1510	15.1000	6	-4		
1511	15.1100	6	-8		
1512	15.1200	7	-12		
1513	15.1300	8	-17		
1514	15.1400	8	-21		
1515	15.1500	9	-25		
1516	15.1600	10	-28		
1517	15.1700	10	-32		
1518	15.1800	11	-36		
1519	15.1900	12	-39		
1520	15.2000	12	-42		
1521	15.2100	13	-45		
1522	15.2200	14	-48		
1523	15.2300	14	-51		
1524	15.2400	15	-53		
1525	15.2500	15	-55		
1526	15.2600	16	-57		
1527	15.2700	16	-58		
1528	15.2800	17	-60		
1529	15.2900	17	-61		
1530	15.3000	17	-62		
1531	15.3100	18	-62		
1532	15.3200	18	-62		
1533	15.3300	18	-62		
1534	15.3400	19	-62		
1535	15.3500	19	-62		
1536	15.3600	19	-61		
1537	15.3700	19	-60		
1538	15.3800	19	-58		
1539	15.3900	19	-57		
1540	15.4000	19	-55		
1541	15.4100	19	-53		
1542	15.4200	19	-50		
1543	15.4300	19	-48		
1544	15.4400	19	-45		
1545	15.4500	18	-42		
1546	15.4600	18	-39		
1547	15.4700	18	-35		
1548	15.4800	18	-32		
1549	15.4900	17	-28		
1550	15.5000	17	-24		
1551	15.5100	16	-20		
1552	15.5200	16	-16		
1553	15.5300	16	-12		
1554	15.5400	15	-8		
1555	15.5500	14	-4		
1556	15.5600	14	1		
1557	15.5700	13	5		
1558	15.5800	13	10		
1559	15.5900	12	14		
1560	15.6000	11	18		
1561	15.6100	11	22		
1562	15.6200	10	26		
1563	15.6300	9	30		
1564	15.6400	9	34		
1565	15.6500	8	38		
1566	15.6600	7	42		
1567	15.6700	6	45		
1568	15.6800	6	49		
1569	15.6900	5	52		
1570	15.7000	5	55		
1571	15.7100	4	58		
1572	15.7200	4	60		
1573	15.7300	3	62		
1574	15.7400	2	64		
1575	15.7500	2	66		
1576	15.7600	1	68		
1577	15.7700	1	69		
1578	15.7800	0	70		
1579	15.7900	0	71		
1580	15.8000	0	72		
1581	15.8100	-1	72		
1582	15.8200	-1	72		
1583	15.8300	-1	71		
1584	15.8400	-1	71		
1585	15.8500	-2	70		
1586	15.8600	-2	69		
1587	15.8700	-2	67		
1588	15.8800	-2	66		
1589	15.8900	-2	64		
1590	15.9000	-2	62		
1591	15.9100	-2	59		
1592	15.9200	-1	56		
1593	15.9300	-1	54		
1594	15.9400	-1	50		
1595	15.9500	0	47		
1596	15.9600	0	44		
1597	15.9700	0	40		
1598	15.9800	0	36		
1599	15.9900	1	33		
1600	16.0000	2	29		
1601	16.0100	2	25		
1602	16.0200	2	20		
1603	16.0300	3	16		
1604	16.0400	4	12		
1605	16.0500	4	8		
1606	16.0600	5	4		
1607	16.0700	5	-1		
1608	16.0800	6	-5		
1609	16.0900	7	-9		
1610	16.1000	7	-14		
1611	16.1100	8	-18		
1612	16.1200	9	-22		
1613	16.1300	9	-26		
1614	16.1400	10	-30		
1615	16.1500	11	-33		
1616	16.1600	11	-36		
1617	16.1700	12	-40		
1618	16.1800	12	-43		
1619	16.1900	13	-46		
1620	16.2000	14	-49		
1621	16.2100	14	-51		
1622	16.2200	15	-54		
1623	16.2300	15	-56		
1624	16.2400	16	-57		
1625	16.2500	16	-59		
1626	16.2600	17	-60		
1627	16.2700	17	-61		
1628	16.2800	18	-62		
1629	16.2900	18	-62		
1630	16.3000	18	-62		
1631	16.3100	18	-62		
1632	16.3200	19	-62		
1633	16.3300	19	-62		
1634	16.3400	19	-60		
1635	16.3500	19	-60		
1636	16.3600	19	-58		
1637	16.3700	19	-56		
1638	16.3800	19	-54		
1639	16.3900	19	-52		
1640	16.4000	19	-50		
1641	16.4100	19	-47		
1642	16.4200	19	-44		
1643	16.4300	18	-41		
1644	16.4400	18	-38		
1645	16.4500	18	-34		
1646	16.4600	18	-31		
1647	16.4700	17	-27		
1648	16.4800	17	-23		
1649	16.4900	16	-19		
1650	16.5000	16	-15		
1651	16.5100	15	-11		
1652	16.5200	15	-7		
1653	16.5300	14	-2		
1654	16.5400	14	2		
1655	16.5500	13	6		
1656	16.5600	12	10		
1657	16.5700	12	15		
1658	16.5800	11	19		
1659	16.5900	10	23		
1660	16.6000	10	27		
1661	16.6100	9	31		
1662	16.6200	8	35		
1663	16.6300	8	39		
1664	16.6400	7	43		
1665	16.6500	6	46		
1666	16.6600	6	50		
1667	16.6700	5	52		
1668	16.6800	4	56		
1669	16.6900	4	58		
1670	16.7000	3	61		
1671	16.7100	3	63		
1672	16.7200	2	65		
1673	16.7300	2	67		
1674	16.7400	1	68		
1675	16.7500	1	70		
1676	16.7600	0	70		
1677	16.7700	0	71		
1678	16.7800	0	72		
1679	16.7900	-1	72		
1680	16.8000	-1	72		
1681	16.8100	-1	71		
1682	16.8200	-1	70		
1683	16.8300	-2	70		
1684	16.8400	-2	68		
1685	16.8500	-2	67		
1686	16.8600	-2	65		
1687	16.8700	-2	63		
1688	16.8800	-2	61		
1689	16.8900	-1	58		
1690	16.9000	-1	56		
1691	16.9100	-1	53		
1692	16.9200	-1	50		
1693	16.9300	0	46		
1694	16.9400	0	43		
1695	16.9500	0	40		
1696	16.9600	1	36		
1697	16.9700	1	32		
1698	16.9800	2	28		
1699	16.9900	2	24		
1700	17.0000	3	20		
1701	17.0100	3	15		
1702	17.0200	4	11		
1703	17.0300	4	7		
1704	17.0400	5	2		
1705	17.0500	6	-2		
1706	17.0600	6	-6		
1707	17.0700	7	-10		
1708	17.0800	8	-14		
1709	17.0900	8	-18		
1710	17.1000	9	-22		
1711	17.1100	10	-26		
1712	17.1200	10	-30		
1713	17.1300	11	-34		
1714	17.1400	11	-37		
1715	17.1500	12	-40		
1716	17.1600	13	-44		
1717	17.1700	13	-46		
1718	17.1800	14	-49		
1719	17.1900	14	-52		
1720	17.2000	15	-54		
1721	17.2100	15	-56		
1722	17.2200	16	-58		
1723	17.2300	16	-59		
1724	17.2400	17	-60		
1725	17.2500	17	-61		
1726	17.2600	18	-62		
1727	17.2700	18	-62		
1728	17.2800	18	-62		
1729	17.2900	18	-62		
1730	17.3000	19	-62		
1731	17.3100	19	-61		
1732	17.3200	19	-60		
1733	17.3300	19	-59		
1734	17.3400	19	-58		
1735	17.3500	19	-56		
1736	17.3600	19	-54		
1737	17.3700	19	-52		
1738	17.3800	19	-49		
1739	17.3900	19	-46		
1740	17.4000	19	-44		
1741	17.4100	18	-40		
1742	17.4200	18	-37		
1743	17.4300	18	-34		
1744	17.4400	18	-30		
1745	17.4500	17	-26		
1746	17.4600	17	-22		
1747	17.4700	16	-18		
1748	17.4800	16	-14		
1749	17.4900	15	-10		
1750	17.5000	15	-6		
1751	17.5100	14	-2		
1752	17.5200	14	3		
1753	17.5300	13	7		
1754	17.5400	12	12		
1755	17.5500	12	16		
1756	17.5600	11	20		
1757	17.5700	10	24		
1758	17.5800	10	28		
1759	17.5900	9	32		
1760	17.6000	8	36		
1761	17.6100	8	40		
1762	17.6200	7	44		
1763	17.6300	6	47		
1764	17.6400	6	50		
1765	17.6500	5	53		
1766	17.6600	4	56		
1767	17.6700	4	59		
1768	17.6800	3	61		
1769	17.6900	3	64		
1770	17.7000	2	65		
1771	17.7100	2	67		
1772	17.7200	1	68		
1773	17.7300	1	70		
1774	17.7400	0	70		
1775	17.7500	0	71		
1776	17.7600	0	72		
1777	17.7700	-1	72		
1778	17.7800	-1	72		
1779	17.7900	-1	71		
1780	17.8000	-1	70		
1781	17.8100	-2	69		
1782	17.8200	-2	68		
1783	17.8300	-2	66		
1784	17.8400	-2	64		
1785	17.8500	-2	62		
1786	17.8600	-2	60		
1787	17.8700	-1	58		
1788	17.8800	-1	55		
1789	17.8900	-1	52		
1790	17.9000	-1	49		
1791	17.9100	0	46		
1792	17.9200	0	42		
1793	17.9300	0	38		
1794	17.9400	1	35		
1795	17.9500	1	31		
1796	17.9600	2	27		
1797	17.9700	2	23		
1798	17.9800	3	18		
1799	17.9900	3	14		
1800	18.0000	4	10		
1801	18.0100	4	6		
1802	18.0200	5	2		
1803	18.0300	6	-3		
1804	18.0400	6	-7		
1805	18.0500	7	-11		
1806	18.0600	8	-16		
1807	18.0700	8	-20		
1808	18.0800	9	-24		
1809	18.0900	10	-28		
1810	18.1000	10	-31		
1811	18.1100	11	-35		
1812	18.1200	12	-38		
1813	18.1300	12	-41		
1814	18.1400	13	-44		
1815	18.1500	13	-47		
1816	18.1600	14	-50		
1817	18.1700	14	-52		
1818	18.1800	15	-54		
1819	18.1900	16	-56		
1820	18.2000	16	-58		
1821	18.2100	16	-60		
1822	18.2200	17	-60		
1823	18.2300	17	-62		
1824	18.2400	18	-62		
1825	18.2500	18	-62		
1826	18.2600	18	-62		
1827	18.2700	18	-62		
1828	18.2800	19	-62		
1829	18.2900	19	-61		
1830	18.3000	19	-60		
1831	18.3100	19	-59		
1832	18.3200	19	-57		
1833	18.3300	19	-55		
1834	18.3400	19	-53		
1835	18.3500	19	-51		
1836	18.3600	19	-48		
1837	18.3700	19	-46		
1838	18.3800	19	-43		
1839	18.3900	18	-40		
1840	18.4000	18	-36		
1841	18.4100	18	-33		
1842	18.4200	18	-29		
1843	18.4300	17	-25		
1844	18.4400	17	-21		
1845	18.4500	16	-17		
1846	18.4600	16	-13		
1847	18.4700	15	-9		
1848	18.4800	15	-5		
1849	18.4900	14	0		
1850	18.5000	14	4		
1851	18.5100	13	8		
1852	18.5200	12	12		
1853	18.5300	12	17		
1854	18.5400	11	21		
1855	18.5500	10	25		
1856	18.5600	10	29		
1857	18.5700	9	33		
1858	18.5800	8	37		
1859	18.5900	8	41		
1860	18.6000	7	44		
1861	18.6100	6	48		
1862	18.6200	6	51		
1863	18.6300	5	54		
1864	18.6400	4	57		
1865	18.6500	4	59		
1866	18.6600	3	62		
1867	18.6700	2	64		
1868	18.6800	2	66		
1869	18.6900	2	67		
1870	18.7000	1	69		
1871	18.7100	0	70		
1872	18.7200	0	71		
1873	18.7300	0	71		
1874	18.7400	-1	72		
1875	18.7500	-1	72		
1876	18.7600	-1	71		
1877	18.7700	-1	71		
1878	18.7800	-2	70		
1879	18.7900	-2	69		
1880	18.8000	-2	68		
1881	18.8100	-2	66		
1882	18.8200	-2	64		
1883	18.8300	-2	62		
1884	18.8400	-2	60		
1885	18.8500	-1	57		
1886	18.8600	-1	54		
1887	18.8700	-1	51		
1888	18.8800	-1	48		
1889	18.8900	0	45		
1890	18.9000	0	41		
1891	18.9100	0	38		
1892	18.9200	1	34		
1893	18.9300	1	30		
1894	18.9400	2	26		
1895	18.9500	2	22		
1896	18.9600	3	18		
1897	18.9700	3	13		
1898	18.9800	4	9		
1899	18.9900	4	5		
1900	19.0000	5	0		
1901	19.0100	6	-4		
1902	19.0200	6	-8		
1903	19.0300	7	-12		
1904	19.0400	8	-16		
1905	19.0500	8	-20		
1906	19.0600	9	-24		
1907	19.0700	10	-28		
1908	19.0800	10	-32		
1909	19.0900	11	-36		
1910	19.1000	12	-39		
1911	19.1100	12	-42		
1912	19.1200	13	-45		
1913	19.1300	13	-48		
1914	19.1400	14	-50		
1915	19.1500	14	-53		
1916	19.1600	15	-55		
1917	19.1700	16	-57		
1918	19.1800	16	-58		
1919	19.1900	16	-60		
1920	19.2000	17	-61		
1921	19.2100	17	-62		
1922	19.2200	18	-62		
1923	19.2300	18	-62		
1924	19.2400	18	-62		
1925	19.2500	18	-62		
1926	19.2600	19	-62		
1927	19.2700	19	-61		
1928	19.2800	19	-60		
1929	19.2900	19	-58		
1930	19.3000	19	-57		
1931	19.3100	19	-55		
1932	19.3200	19	-53		
1933	19.3300	19	-50		
1934	19.3400	19	-48		
1935	19.3500	19	-45		
1936	19.3600	18	-42		
1937	19.3700	18	-39		
1938	19.3800	18	-35		
1939	19.3900	18	-32		
1940	19.4000	17	-28		
1941	19.4100	17	-24		
1942	19.4200	16	-20		
1943	19.4300	16	-16		
1944	19.4400	16	-12		
1945	19.4500	15	-8		
1946	19.4600	14	-4		
1947	19.4700	14	0		
1948	19.4800	13	5		
1949	19.4900	12	9		
1950	19.5000	12	14		
1951	19.5100	11	18		
1952	19.5200	11	22		
1953	19.5300	10	26		
1954	19.5400	9	30		
1955	19.5500	9	34		
1956	19.5600	8	38		
1957	19.5700	7	42		
1958	19.5800	6	45		
1959	19.5900	6	48		
1960	19.6000	5	52		
1961	19.6100	5	55		
1962	19.6200	4	58		
1963	19.6300	3	60		
1964	19.6400	3	62		
1965	19.6500	2	64		
1966	19.6600	2	66		
1967	19.6700	1	68		
1968	19.6800	1	69		
1969	19.6900	0	70		
1970	19.7000	0	71		
1971	19.7100	0	72		
1972	19.7200	-1	72		
1973	19.7300	-1	72		
1974	19.7400	-1	71		
1975	19.7500	-1	71		
1976	19.7600	-2	70		
1977	19.7700	-2	68		
1978	19.7800	-2	67		
1979	19.7900	-2	66		
1980	19.8000	-2	64		
1981	19.8100	-2	62		
1982	19.8200	-2	59		
1983	19.8300	-1	56		
1984	19.8400	-1	54		
1985	19.8500	-1	51		
1986	19.8600	0	48		
1987	19.8700	0	44		
1988	19.8800	0	40		
1989	19.8900	0	37		
1990	19.9000	1	33		
1991	19.9100	1	29		
1992	19.9200	2	25		
1993	19.9300	2	21		
1994	19.9400	3	16		
1995	19.9500	4	12		
1996	19.9600	4	8		
1997	19.9700	5	4		
1998	19.9800	5	0		
1999	19.9900	6	-5		
2000	20.0000	6	-9		
