#	time(s)	count A	count B	count C	count D
1	0.0100	6	88		
2	0.0200	6	91		
3	0.0300	5	94		
4	0.0400	4	97		
5	0.0500	4	100		
6	0.0600	3	102		
7	0.0700	3	104		
8	0.0800	2	105		
9	0.0900	2	106		
10	0.1000	1	106		
11	0.1100	1	106		
12	0.1200	0	106		
13	0.1300	0	106		
14	0.1400	0	104		
15	0.1500	-1	103		
16	0.1600	-1	101		
17	0.1700	-1	99		
18	0.1800	-1	96		
19	0.1900	-2	93		
20	0.2000	-2	90		
21	0.2100	-2	86		
22	0.2200	-2	82		
23	0.2300	-2	78		
24	0.2400	-2	73		
25	0.2500	-2	68		
26	0.2600	-1	63		
27	0.2700	-1	58		
28	0.2800	-1	52		
29	0.2900	0	46		
30	0.3000	0	40		
31	0.3100	0	34		
32	0.3200	0	28		
33	0.3300	1	22		
34	0.3400	2	15		
35	0.3500	2	9		
36	0.3600	2	2		
37	0.3700	3	-4		
38	0.3800	4	-10		
39	0.3900	4	-17		
40	0.4000	4	-23		
41	0.4100	5	-29		
42	0.4200	6	-35		
43	0.4300	6	-41		
44	0.4400	7	-47		
45	0.4500	8	-52		
46	0.4600	8	-57		
47	0.4700	9	-62		
48	0.4800	10	-67		
49	0.4900	10	-72		
50	0.5000	11	-76		
51	0.5100	12	-80		
52	0.5200	12	-83		
53	0.5300	13	-86		
54	0.5400	13	-89		
55	0.5500	14	-91		
56	0.5600	14	-93		
57	0.5700	15	-95		
58	0.5800	16	-96		
59	0.5900	16	-97		
60	0.6000	16	-97		
61	0.6100	17	-97		
62	0.6200	17	-97		
63	0.6300	18	-96		
64	0.6400	18	-95		
65	0.6500	18	-93		
66	0.6600	18	-91		
67	0.6700	19	-89		
68	0.6800	19	-86		
69	0.6900	19	-83		
70	0.7000	19	-80		
71	0.7100	19	-76		
72	0.7200	19	-72		
73	0.7300	19	-67		
74	0.7400	19	-62		
75	0.7500	19	-57		
76	0.7600	19	-52		
77	0.7700	18	-47		
78	0.7800	18	-41		
79	0.7900	18	-35		
80	0.8000	18	-29		
81	0.8100	18	-23		
82	0.8200	17	-16		
83	0.8300	17	-10		
84	0.8400	16	-4		
85	0.8500	16	2		
86	0.8600	15	9		
87	0.8700	15	16		
88	0.8800	14	22		
89	0.8900	14	28		
90	0.9000	13	34		
91	0.9100	12	40		
92	0.9200	12	46		
93	0.9300	11	52		
94	0.9400	10	58		
95	0.9500	10	63		
96	0.9600	9	68		
97	0.9700	8	73		
98	0.9800	8	78		
99	0.9900	7	82		
100	1.0000	6	86		
101	1.0100	6	90		
102	1.0200	5	94		
103	1.0300	4	96		
104	1.0400	4	99		
105	1.0500	3	101		
106	1.0600	3	103		
107	1.0700	2	104		
108	1.0800	2	106		
109	1.0900	1	106		
110	1.1000	1	106		
111	1.1100	0	106		
112	1.1200	0	106		
113	1.1300	0	105		
114	1.1400	-1	104		
115	1.1500	-1	102		
116	1.1600	-1	100		
117	1.1700	-1	97		
118	1.1800	-2	94		
119	1.1900	-2	91		
120	1.2000	-2	87		
121	1.2100	-2	83		
122	1.2200	-2	79		
123	1.2300	-2	74		
124	1.2400	-2	70		
125	1.2500	-1	64		
126	1.2600	-1	59		
127	1.2700	-1	54		
128	1.2800	0	48		
129	1.2900	0	42		
130	1.3000	0	36		
131	1.3100	0	30		
132	1.3200	1	23		
133	1.3300	1	17		
134	1.3400	2	10		
135	1.3500	2	4		
136	1.3600	3	-2		
137	1.3700	3	-9		
138	1.3800	4	-15		
139	1.3900	4	-21		
140	1.4000	5	-28		
141	1.4100	6	-34		
142	1.4200	6	-40		
143	1.4300	7	-45		
144	1.4400	8	-51		
145	1.4500	8	-56		
146	1.4600	9	-61		
147	1.4700	10	-66		
148	1.4800	10	-70		
149	1.4900	11	-74		
150	1.5000	11	-78		
151	1.5100	12	-82		
152	1.5200	13	-85		
153	1.5300	13	-88		
154	1.5400	14	-90		
155	1.5500	14	-92		
156	1.5600	15	-94		
157	1.5700	15	-96		
158	1.5800	16	-96		
159	1.5900	16	-97		
160	1.6000	17	-97		
161	1.6100	17	-97		
162	1.6200	18	-96		
163	1.6300	18	-95		
164	1.6400	18	-94		
165	1.6500	18	-92		
166	1.6600	18	-90		
167	1.6700	19	-87		
168	1.6800	19	-84		
169	1.6900	19	-80		
170	1.7000	19	-77		
171	1.7100	19	-72		
172	1.7200	19	-68		
173	1.7300	19	-64		
174	1.7400	19	-58		
175	1.7500	19	-54		
176	1.7600	19	-48		
177	1.7700	18	-42		
178	1.7800	18	-37		
179	1.7900	18	-31		
180	1.8000	18	-24		
181	1.8100	17	-18		
182	1.8200	17	-12		
183	1.8300	16	-6		
184	1.8400	16	1		
185	1.8500	15	7		
186	1.8600	15	14		
187	1.8700	14	20		
188	1.8800	14	26		
189	1.8900	13	33		
190	1.9000	12	39		
191	1.9100	12	45		
192	1.9200	11	51		
193	1.9300	11	56		
194	1.9400	10	62		
195	1.9500	9	67		
196	1.9600	9	72		
197	1.9700	8	77		
198	1.9800	7	81		
199	1.9900	7	85		
200	2.0000	6	89		
201	2.0100	5	92		
202	2.0200	5	96		
203	2.0300	4	98		
204	2.0400	4	100		
205	2.0500	3	102		
206	2.0600	2	104		
207	2.0700	2	105		
208	2.0800	2	106		
209	2.0900	1	106		
210	2.1000	0	106		
211	2.1100	0	106		
212	2.1200	0	105		
213	2.1300	0	104		
214	2.1400	-1	102		
215	2.1500	-1	100		
216	2.1600	-1	98		
217	2.1700	-2	95		
218	2.1800	-2	92		
219	2.1900	-2	88		
220	2.2000	-2	84		
221	2.2100	-2	80		
222	2.2200	-2	75		
223	2.2300	-2	70		
224	2.2400	-1	66		
225	2.2500	-1	60		
226	2.2600	-1	55		
227	2.2700	-1	49		
228	2.2800	0	44		
229	2.2900	0	38		
230	2.3000	0	31		
231	2.3100	1	25		
232	2.3200	1	18		
233	2.3300	2	12		
234	2.3400	2	6		
235	2.3500	3	-1		
236	2.3600	3	-7		
237	2.3700	4	-14		
238	2.3800	4	-20		
239	2.3900	5	-26		
240	2.4000	6	-32		
241	2.4100	6	-38		
242	2.4200	7	-44		
243	2.4300	8	-49		
244	2.4400	8	-54		
245	2.4500	9	-60		
246	2.4600	10	-64		
247	2.4700	10	-69		
248	2.4800	11	-74		
249	2.4900	11	-77		
250	2.5000	12	-81		
251	2.5100	12	-84		
252	2.5200	13	-87		
253	2.5300	14	-90		
254	2.5400	14	-92		
255	2.5500	15	-94		
256	2.5600	15	-95		
257	2.5700	16	-96		
258	2.5800	16	-97		
259	2.5900	17	-97		
260	2.6000	17	-97		
261	2.6100	17	-96		
262	2.6200	18	-95		
263	2.6300	18	-94		
264	2.6400	18	-92		
265	2.6500	18	-90		
266	2.6600	19	-87		
267	2.6700	19	-84		
268	2.6800	19	-81		
269	2.6900	19	-78		
270	2.7000	19	-74		
271	2.7100	19	-69		
272	2.7200	19	-64		
273	2.7300	19	-60		
274	2.7400	19	-54		
275	2.7500	19	-49		
276	2.7600	18	-44		
277	2.7700	18	-38		
278	2.7800	18	-32		
279	2.7900	18	-26		
280	2.8000	17	-20		
281	2.8100	17	-14		
282	2.8200	16	-7		
283	2.8300	16	-1		
284	2.8400	16	6		
285	2.8500	15	12		
286	2.8600	14	18		
287	2.8700	14	25		
288	2.8800	13	31		
289	2.8900	13	37		
290	2.9000	12	43		
291	2.9100	11	49		
292	2.9200	11	55		
293	2.9300	10	60		
294	2.9400	10	66		
295	2.9500	9	71		
296	2.9600	8	76		
297	2.9700	7	80		
298	2.9800	7	84		
299	2.9900	6	88		
300	3.0000	6	92		
301	3.0100	5	95		
302	3.0200	4	98		
303	3.0300	4	100		
304	3.0400	3	102		
305	3.0500	2	104		
306	3.0600	2	105		
307	3.0700	2	106		
308	3.0800	1	106		
309	3.0900	1	106		
310	3.1000	0	106		
311	3.1100	0	105		
312	3.1200	0	104		
313	3.1300	-1	102		
314	3.1400	-1	100		
315	3.1500	-1	98		
316	3.1600	-1	95		
317	3.1700	-2	92		
318	3.1800	-2	89		
319	3.1900	-2	85		
320	3.2000	-2	81		
321	3.2100	-2	76		
322	3.2200	-2	72		
323	3.2300	-1	67		
324	3.2400	-1	62		
325	3.2500	-1	56		
326	3.2600	-1	50		
327	3.2700	0	45		
328	3.2800	0	39		
329	3.2900	0	33		
330	3.3000	1	26		
331	3.3100	1	20		
332	3.3200	2	14		
333	3.3300	2	7		
334	3.3400	2	1		
335	3.3500	3	-6		
336	3.3600	4	-12		
337	3.3700	4	-18		
338	3.3800	5	-24		
339	3.3900	6	-30		
340	3.4000	6	-36		
341	3.4100	7	-42		
342	3.4200	7	-48		
343	3.4300	8	-53		
344	3.4400	9	-58		
345	3.4500	9	-63		
346	3.4600	10	-68		
347	3.4700	10	-72		
348	3.4800	11	-76		
349	3.4900	12	-80		
350	3.5000	12	-84		
351	3.5100	13	-86		
352	3.5200	14	-89		
353	3.5300	14	-92		
354	3.5400	15	-93		
355	3.5500	15	-95		
356	3.5600	16	-96		
357	3.5700	16	-97		
358	3.5800	16	-97		
359	3.5900	17	-97		
360	3.6000	17	-96		
361	3.6100	18	-96		
362	3.6200	18	-94		
363	3.6300	18	-92		
364	3.6400	18	-90		
365	3.6500	19	-88		
366	3.6600	19	-85		
367	3.6700	19	-82		
368	3.6800	19	-78		
369	3.6900	19	-74		
370	3.7000	19	-70		
371	3.7100	19	-66		
372	3.7200	19	-61		
373	3.7300	19	-56		
374	3.7400	19	-50		
375	3.7500	18	-45		
376	3.7600	18	-39		
377	3.7700	18	-34		
378	3.7800	18	-28		
379	3.7900	17	-21		
380	3.8000	17	-15		
381	3.8100	16	-8		
382	3.8200	16	-2		
383	3.8300	16	4		
384	3.8400	15	10		
385	3.8500	14	17		
386	3.8600	14	23		
387	3.8700	13	30		
388	3.8800	13	36		
389	3.8900	12	42		
390	3.9000	12	48		
391	3.9100	11	54		
392	3.9200	10	59		
393	3.9300	10	64		
394	3.9400	9	70		
395	3.9500	8	74		
396	3.9600	8	79		
397	3.9700	7	83		
398	3.9800	6	87		
399	3.9900	6	90		
400	4.0000	5	94		
401	4.0100	4	97		
402	4.0200	4	99		
403	4.0300	3	101		
404	4.0400	3	103		
405	4.0500	2	104		
406	4.0600	2	106		
407	4.0700	1	106		
408	4.0800	1	106		
409	4.0900	0	106		
410	4.1000	0	105		
411	4.1100	0	104		
412	4.1200	-1	102		
413	4.1300	-1	101		
414	4.1400	-1	98		
415	4.1500	-1	96		
416	4.1600	-2	93		
417	4.1700	-2	90		
418	4.1800	-2	86		
419	4.1900	-2	82		
420	4.2000	-2	78		
421	4.2100	-2	73		
422	4.2200	-1	68		
423	4.2300	-1	63		
424	4.2400	-1	58		
425	4.2500	-1	52		
426	4.2600	0	46		
427	4.2700	0	40		
428	4.2800	0	34		
429	4.2900	1	28		
430	4.3000	1	22		
431	4.3100	2	15		
432	4.3200	2	9		
433	4.3300	2	2		
434	4.3400	3	-4		
435	4.3500	4	-10		
436	4.3600	4	-16		
437	4.3700	5	-23		
438	4.3800	5	-29		
439	4.3900	6	-35		
440	4.4000	6	-41		
441	4.4100	7	-46		
442	4.4200	8	-52		
443	4.4300	8	-57		
444	4.4400	9	-62		
445	4.4500	10	-67		
446	4.4600	10	-71		
447	4.4700	11	-75		
448	4.4800	12	-79		
449	4.4900	12	-82		
450	4.5000	13	-86		
451	4.5100	14	-88		
452	4.5200	14	-91		
453	4.5300	14	-93		
454	4.5400	15	-94		
455	4.5500	16	-96		
456	4.5600	16	-96		
457	4.5700	16	-97		
458	4.5800	17	-97		
459	4.5900	17	-96		
460	4.6000	18	-96		
461	4.6100	18	-94		
462	4.6200	18	-93		
463	4.6300	18	-91		
464	4.6400	19	-88		
465	4.6500	19	-86		
466	4.6600	19	-82		
467	4.6700	19	-79		
468	4.6800	19	-75		
469	4.6900	19	-71		
470	4.7000	19	-67		
471	4.7100	19	-62		
472	4.7200	19	-57		
473	4.7300	19	-52		
474	4.7400	18	-46		
475	4.7500	18	-41		
476	4.7600	18	-35		
477	4.7700	18	-29		
478	4.7800	17	-23		
479	4.7900	17	-17		
480	4.8000	16	-10		
481	4.8100	16	-4		
482	4.8200	16	2		
483	4.8300	15	9		
484	4.8400	15	15		
485	4.8500	14	22		
486	4.8600	14	28		
487	4.8700	13	34		
488	4.8800	12	40		
489	4.8900	12	46		
490	4.9000	11	52		
491	4.9100	10	58		
492	4.9200	10	63		
493	4.9300	9	68		
494	4.9400	8	73		
495	4.9500	8	78		
496	4.9600	7	82		
497	4.9700	6	86		
498	4.9800	6	90		
499	4.9900	5	93		
500	5.0000	4	96		
501	5.0100	4	98		
502	5.0200	3	101		
503	5.0300	3	102		
504	5.0400	2	104		
505	5.0500	2	105		
506	5.0600	1	106		
507	5.0700	1	106		
508	5.0800	0	106		
509	5.0900	0	105		
510	5.1000	0	104		
511	5.1100	-1	103		
512	5.1200	-1	101		
513	5.1300	-1	99		
514	5.1400	-1	96		
515	5.1500	-2	94		
516	5.1600	-2	90		
517	5.1700	-2	86		
518	5.1800	-2	82		
519	5.1900	-2	78		
520	5.2000	-2	74		
521	5.2100	-2	69		
522	5.2200	-1	64		
523	5.2300	-1	58		
524	5.2400	-1	53		
525	5.2500	0	48		
526	5.2600	0	42		
527	5.2700	0	36		
528	5.2800	0	30		
529	5.2900	1	23		
530	5.3000	2	17		
531	5.3100	2	10		
532	5.3200	2	4		
533	5.3300	3	-2		
534	5.3400	4	-9		
535	5.3500	4	-15		
536	5.3600	5	-21		
537	5.3700	5	-28		
538	5.3800	6	-34		
539	5.3900	6	-39		
540	5.4000	7	-45		
541	5.4100	8	-50		
542	5.4200	8	-56		
543	5.4300	9	-61		
544	5.4400	10	-66		
545	5.4500	10	-70		
546	5.4600	11	-74		
547	5.4700	12	-78		
548	5.4800	12	-82		
549	5.4900	13	-85		
550	5.5000	13	-88		
551	5.5100	14	-90		
552	5.5200	14	-92		
553	5.5300	15	-94		
554	5.5400	16	-95		
555	5.5500	16	-96		
556	5.5600	16	-96		
557	5.5700	17	-96		
558	5.5800	17	-96		
559	5.5900	18	-96		
560	5.6000	18	-94		
561	5.6100	18	-93		
562	5.6200	18	-91		
563	5.6300	19	-89		
564	5.6400	19	-86		
565	5.6500	19	-83		
566	5.6600	19	-80		
567	5.6700	19	-76		
568	5.6800	19	-72		
569	5.6900	19	-68		
570	5.7000	19	-63		
571	5.7100	19	-58		
572	5.7200	19	-53		
573	5.7300	18	-48		
574	5.7400	18	-42		
575	5.7500	18	-36		
576	5.7600	18	-30		
577	5.7700	18	-24		
578	5.7800	17	-18		
579	5.7900	17	-12		
580	5.8000	16	-6		
581	5.8100	16	1		
582	5.8200	15	8		
583	5.8300	15	14		
584	5.8400	14	20		
585	5.8500	14	26		
586	5.8600	13	33		
587	5.8700	12	39		
588	5.8800	12	45		
589	5.8900	11	50		
590	5.9000	10	56		
591	5.9100	10	62		
592	5.9200	9	67		
593	5.9300	8	72		
594	5.9400	8	76		
595	5.9500	7	81		
596	5.9600	6	85		
597	5.9700	6	88		
598	5.9800	5	92		
599	5.9900	4	95		
600	6.0000	4	98		
601	6.0100	3	100		
602	6.0200	3	102		
603	6.0300	2	103		
604	6.0400	2	104		
605	6.0500	1	105		
606	6.0600	1	106		
607	6.0700	0	106		
608	6.0800	0	105		
609	6.0900	0	104		
610	6.1000	0	103		
611	6.1100	-1	101		
612	6.1200	-1	99		
613	6.1300	-1	97		
614	6.1400	-2	94		
615	6.1500	-2	91		
616	6.1600	-2	87		
617	6.1700	-2	83		
618	6.1800	-2	79		
619	6.1900	-2	75		
620	6.2000	-2	70		
621	6.2100	-1	65		
622	6.2200	-1	60		
623	6.2300	-1	54		
624	6.2400	0	49		
625	6.2500	0	43		
626	6.2600	0	37		
627	6.2700	0	31		
628	6.2800	1	24		
629	6.2900	1	18		
630	6.3000	2	12		
631	6.3100	2	6		
632	6.3200	3	-1		
633	6.3300	3	-7		
634	6.3400	4	-14		
635	6.3500	4	-20		
636	6.3600	5	-26		
637	6.3700	6	-32		
638	6.3800	6	-38		
639	6.3900	7	-44		
640	6.4000	8	-49		
641	6.4100	8	-54		
642	6.4200	9	-60		
643	6.4300	10	-64		
644	6.4400	10	-69		
645	6.4500	11	-73		
646	6.4600	11	-77		
647	6.4700	12	-80		
648	6.4800	12	-84		
649	6.4900	13	-87		
650	6.5000	14	-89		
651	6.5100	14	-92		
652	6.5200	15	-93		
653	6.5300	15	-94		
654	6.5400	16	-96		
655	6.5500	16	-96		
656	6.5600	17	-96		
657	6.5700	17	-96		
658	6.5800	18	-96		
659	6.5900	18	-94		
660	6.6000	18	-93		
661	6.6100	18	-91		
662	6.6200	18	-89		
663	6.6300	19	-86		
664	6.6400	19	-84		
665	6.6500	19	-80		
666	6.6600	19	-77		
667	6.6700	19	-73		
668	6.6800	19	-68		
669	6.6900	19	-64		
670	6.7000	19	-59		
671	6.7100	19	-54		
672	6.7200	19	-49		
673	6.7300	18	-43		
674	6.7400	18	-38		
675	6.7500	18	-32		
676	6.7600	18	-26		
677	6.7700	17	-19		
678	6.7800	17	-13		
679	6.7900	16	-7		
680	6.8000	16	0		
681	6.8100	15	6		
682	6.8200	15	12		
683	6.8300	14	19		
684	6.8400	14	25		
685	6.8500	13	31		
686	6.8600	12	37		
687	6.8700	12	43		
688	6.8800	11	49		
689	6.8900	10	55		
690	6.9000	10	60		
691	6.9100	9	66		
692	6.9200	8	70		
693	6.9300	8	75		
694	6.9400	7	80		
695	6.9500	6	84		
696	6.9600	6	88		
697	6.9700	5	91		
698	6.9800	5	94		
699	6.9900	4	97		
700	7.0000	4	99		
701	7.0100	3	101		
702	7.0200	2	103		
703	7.0300	2	104		
704	7.0400	2	105		
705	7.0500	1	105		
706	7.0600	0	105		
707	7.0700	0	105		
708	7.0800	0	104		
709	7.0900	0	103		
710	7.1000	-1	101		
711	7.1100	-1	100		
712	7.1200	-1	97		
713	7.1300	-2	94		
714	7.1400	-2	91		
715	7.1500	-2	88		
716	7.1600	-2	84		
717	7.1700	-2	80		
718	7.1800	-2	76		
719	7.1900	-2	71		
720	7.2000	-1	66		
721	7.2100	-1	61		
722	7.2200	-1	55		
723	7.2300	-1	50		
724	7.2400	0	44		
725	7.2500	0	38		
726	7.2600	0	32		
727	7.2700	1	26		
728	7.2800	1	20		
729	7.2900	2	13		
730	7.3000	2	7		
731	7.3100	3	0		
732	7.3200	3	-6		
733	7.3300	4	-12		
734	7.3400	4	-18		
735	7.3500	5	-24		
736	7.3600	6	-30		
737	7.3700	6	-36		
738	7.3800	7	-42		
739	7.3900	8	-48		
740	7.4000	8	-53		
741	7.4100	9	-58		
742	7.4200	9	-63		
743	7.4300	10	-68		
744	7.4400	11	-72		
745	7.4500	11	-76		
746	7.4600	12	-80		
747	7.4700	12	-83		
748	7.4800	13	-86		
749	7.4900	14	-88		
750	7.5000	14	-91		
751	7.5100	15	-92		
752	7.5200	15	-94		
753	7.5300	16	-95		
754	7.5400	16	-96		
755	7.5500	17	-96		
756	7.5600	17	-96		
757	7.5700	17	-96		
758	7.5800	18	-94		
759	7.5900	18	-93		
760	7.6000	18	-92		
761	7.6100	18	-89		
762	7.6200	19	-87		
763	7.6300	19	-84		
764	7.6400	19	-81		
765	7.6500	19	-77		
766	7.6600	19	-74		
767	7.6700	19	-69		
768	7.6800	19	-65		
769	7.6900	19	-60		
770	7.7000	19	-55		
771	7.7100	19	-50		
772	7.7200	18	-44		
773	7.7300	18	-38		
774	7.7400	18	-33		
775	7.7500	18	-27		
776	7.7600	17	-20		
777	7.7700	17	-14		
778	7.7800	16	-8		
779	7.7900	16	-2		
780	7.8000	16	5		
781	7.8100	15	11		
782	7.8200	14	18		
783	7.8300	14	24		
784	7.8400	13	30		
785	7.8500	13	36		
786	7.8600	12	42		
787	7.8700	11	48		
788	7.8800	11	54		
789	7.8900	10	59		
790	7.9000	10	64		
791	7.9100	9	70		
792	7.9200	8	74		
793	7.9300	7	78		
794	7.9400	7	83		
795	7.9500	6	87		
796	7.9600	6	90		
797	7.9700	5	94		
798	7.9800	4	96		
799	7.9900	4	99		
800	8.0000	3	101		
801	8.0100	2	102		
802	8.0200	2	104		
803	8.0300	2	105		
804	8.0400	1	105		
805	8.0500	1	105		
806	8.0600	0	105		
807	8.0700	0	104		
808	8.0800	0	103		
809	8.0900	-1	102		
810	8.1000	-1	100		
811	8.1100	-1	98		
812	8.1200	-1	95		
813	8.1300	-2	92		
814	8.1400	-2	88		
815	8.1500	-2	85		
816	8.1600	-2	81		
817	8.1700	-2	76		
818	8.1800	-2	72		
819	8.1900	-1	67		
820	8.2000	-1	62		
821	8.2100	-1	56		
822	8.2200	-1	51		
823	8.2300	0	45		
824	8.2400	0	39		
825	8.2500	0	33		
826	8.2600	1	27		
827	8.2700	1	21		
828	8.2800	2	14		
829	8.2900	2	8		
830	8.3000	3	2		
831	8.3100	3	-4		
832	8.3200	4	-11		
833	8.3300	4	-17		
834	8.3400	5	-23		
835	8.3500	6	-29		
836	8.3600	6	-35		
837	8.3700	7	-41		
838	8.3800	7	-46		
839	8.3900	8	-52		
840	8.4000	9	-57		
841	8.4100	9	-62		
842	8.4200	10	-67		
843	8.4300	10	-71		
844	8.4400	11	-75		
845	8.4500	12	-79		
846	8.4600	12	-82		
847	8.4700	13	-85		
848	8.4800	14	-88		
849	8.4900	14	-90		
850	8.5000	15	-92		
851	8.5100	15	-94		
852	8.5200	16	-95		
853	8.5300	16	-96		
854	8.5400	16	-96		
855	8.5500	17	-96		
856	8.5600	17	-96		
857	8.5700	18	-94		
858	8.5800	18	-93		
859	8.5900	18	-92		
860	8.6000	18	-90		
861	8.6100	19	-87		
862	8.6200	19	-84		
863	8.6300	19	-81		
864	8.6400	19	-78		
865	8.6500	19	-74		
866	8.6600	19	-70		
867	8.6700	19	-66		
868	8.6800	19	-61		
869	8.6900	19	-56		
870	8.7000	19	-51		
871	8.7100	18	-45		
872	8.7200	18	-40		
873	8.7300	18	-34		
874	8.7400	18	-28		
875	8.7500	17	-22		
876	8.7600	17	-16		
877	8.7700	16	-9		
878	8.7800	16	-3		
879	8.7900	16	4		
880	8.8000	15	10		
881	8.8100	14	16		
882	8.8200	14	22		
883	8.8300	13	29		
884	8.8400	13	35		
885	8.8500	12	41		
886	8.8600	12	47		
887	8.8700	11	52		
888	8.8800	10	58		
889	8.8900	10	63		
890	8.9000	9	68		
891	8.9100	8	73		
892	8.9200	8	78		
893	8.9300	7	82		
894	8.9400	6	86		
895	8.9500	6	90		
896	8.9600	5	93		
897	8.9700	4	96		
898	8.9800	4	98		
899	8.9900	3	100		
900	9.0000	2	102		
901	9.0100	2	104		
902	9.0200	2	104		
903	9.0300	1	105		
904	9.0400	1	105		
905	9.0500	0	105		
906	9.0600	0	104		
907	9.0700	0	103		
908	9.0800	-1	102		
909	9.0900	-1	100		
910	9.1000	-1	98		
911	9.1100	-1	95		
912	9.1200	-2	92		
913	9.1300	-2	89		
914	9.1400	-2	86		
915	9.1500	-2	82		
916	9.1600	-2	77		
917	9.1700	-2	73		
918	9.1800	-1	68		
919	9.1900	-1	63		
920	9.2000	-1	58		
921	9.2100	-1	52		
922	9.2200	0	46		
923	9.2300	0	40		
924	9.2400	0	34		
925	9.2500	1	28		
926	9.2600	1	22		
927	9.2700	2	16		
928	9.2800	2	10		
929	9.2900	2	3		
930	9.3000	3	-3		
931	9.3100	4	-10		
932	9.3200	4	-16		
933	9.3300	5	-22		
934	9.3400	5	-28		
935	9.3500	6	-34		
936	9.3600	7	-40		
937	9.3700	7	-45		
938	9.3800	8	-51		
939	9.3900	8	-56		
940	9.4000	9	-61		
941	9.4100	10	-66		
942	9.4200	10	-70		
943	9.4300	11	-74		
944	9.4400	12	-78		
945	9.4500	12	-81		
946	9.4600	13	-84		
947	9.4700	14	-87		
948	9.4800	14	-90		
949	9.4900	14	-92		
950	9.5000	15	-93		
951	9.5100	16	-94		
952	9.5200	16	-95		
953	9.5300	16	-96		
954	9.5400	17	-96		
955	9.5500	17	-96		
956	9.5600	18	-95		
957	9.5700	18	-94		
958	9.5800	18	-92		
959	9.5900	18	-90		
960	9.6000	19	-88		
961	9.6100	19	-85		
962	9.6200	19	-82		
963	9.6300	19	-78		
964	9.6400	19	-75		
965	9.6500	19	-71		
966	9.6600	19	-66		
967	9.6700	19	-62		
968	9.6800	19	-57		
969	9.6900	19	-52		
970	9.7000	18	-46		
971	9.7100	18	-41		
972	9.7200	18	-35		
973	9.7300	18	-29		
974	9.7400	17	-23		
975	9.7500	17	-17		
976	9.7600	16	-10		
977	9.7700	16	-4		
978	9.7800	16	2		
979	9.7900	15	8		
980	9.8000	15	15		
981	9.8100	14	21		
982	9.8200	14	27		
983	9.8300	13	34		
984	9.8400	12	40		
985	9.8500	12	46		
986	9.8600	11	51		
987	9.8700	10	57		
988	9.8800	10	62		
989	9.8900	9	67		
990	9.9000	8	72		
991	9.9100	8	76		
992	9.9200	7	81		
993	9.9300	6	85		
994	9.9400	6	88		
995	9.9500	5	92		
996	9.9600	4	95		
997	9.9700	4	97		
998	9.9800	3	100		
999	9.9900	3	102		
1000	10.0000	2	103		
1001	10.0100	2	104		
1002	10.0200	1	105		
1003	10.0300	1	105		
1004	10.0400	0	105		
1005	10.0500	0	104		
1006	10.0600	0	103		
1007	10.0700	-1	102		
1008	10.0800	-1	100		
1009	10.0900	-1	98		
1010	10.1000	-1	96		
1011	10.1100	-2	93		
1012	10.1200	-2	90		
1013	10.1300	-2	86		
1014	10.1400	-2	82		
1015	10.1500	-2	78		
1016	10.1600	-2	74		
1017	10.1700	-1	69		
1018	10.1800	-1	64		
1019	10.1900	-1	58		
1020	10.2000	-1	53		
1021	10.2100	0	47		
1022	10.2200	0	42		
1023	10.2300	0	36		
1024	10.2400	0	30		
1025	10.2500	1	23		
1026	10.2600	2	17		
1027	10.2700	2	11		
1028	10.2800	2	4		
1029	10.2900	3	-2		
1030	10.3000	4	-8		
1031	10.3100	4	-14		
1032	10.3200	5	-21		
1033	10.3300	5	-27		
1034	10.3400	6	-33		
1035	10.3500	6	-38		
1036	10.3600	7	-44		
1037	10.3700	8	-50		
1038	10.3800	8	-55		
1039	10.3900	9	-60		
1040	10.4000	10	-64		
1041	10.4100	10	-69		
1042	10.4200	11	-73		
1043	10.4300	12	-77		
1044	10.4400	12	-80		
1045	10.4500	13	-84		
1046	10.4600	13	-86		
1047	10.4700	14	-89		
1048	10.4800	14	-91		
1049	10.4900	15	-93		
1050	10.5000	16	-94		
1051	10.5100	16	-95		
1052	10.5200	16	-96		
1053	10.5300	17	-96		
1054	10.5400	17	-95		
1055	10.5500	18	-95		
1056	10.5600	18	-94		
1057	10.5700	18	-92		
1058	10.5800	18	-90		
1059	10.5900	19	-88		
1060	10.6000	19	-86		
1061	10.6100	19	-82		
1062	10.6200	19	-79		
1063	10.6300	19	-76		
1064	10.6400	19	-72		
1065	10.6500	19	-67		
1066	10.6600	19	-62		
1067	10.6700	19	-58		
1068	10.6800	19	-53		
1069	10.6900	18	-48		
1070	10.7000	18	-42		
1071	10.7100	18	-36		
1072	10.7200	18	-30		
1073	10.7300	18	-24		
1074	10.7400	17	-18		
1075	10.7500	17	-12		
1076	10.7600	16	-6		
1077	10.7700	16	1		
1078	10.7800	15	7		
1079	10.7900	15	14		
1080	10.8000	14	20		
1081	10.8100	14	26		
1082	10.8200	13	32		
1083	10.8300	12	38		
1084	10.8400	12	44		
1085	10.8500	11	50		
1086	10.8600	10	56		
1087	10.8700	10	61		
1088	10.8800	9	66		
1089	10.8900	8	71		
1090	10.9000	8	76		
1091	10.9100	7	80		
1092	10.9200	6	84		
1093	10.9300	6	88		
1094	10.9400	5	91		
1095	10.9500	4	94		
1096	10.9600	4	97		
1097	10.9700	3	99		
1098	10.9800	3	101		
1099	10.9900	2	102		
1100	11.0000	2	104		
1101	11.0100	1	104		
1102	11.0200	1	105		
1103	11.0300	0	104		
1104	11.0400	0	104		
1105	11.0500	0	103		
1106	11.0600	-1	102		
1107	11.0700	-1	100		
1108	11.0800	-1	98		
1109	11.0900	-1	96		
1110	11.1000	-2	93		
1111	11.1100	-2	90		
1112	11.1200	-2	86		
1113	11.1300	-2	83		
1114	11.1400	-2	78		
1115	11.1500	-2	74		
1116	11.1600	-2	70		
1117	11.1700	-1	64		
1118	11.1800	-1	60		
1119	11.1900	-1	54		
1120	11.2000	0	48		
1121	11.2100	0	42		
1122	11.2200	0	37		
1123	11.2300	0	30		
1124	11.2400	1	24		
1125	11.2500	1	18		
1126	11.2600	2	12		
1127	11.2700	2	6		
1128	11.2800	3	-1		
1129	11.2900	3	-7		
1130	11.3000	4	-13		
1131	11.3100	4	-20		
1132	11.3200	5	-26		
1133	11.3300	6	-32		
1134	11.3400	6	-38		
1135	11.3500	7	-43		
1136	11.3600	8	-48		
1137	11.3700	8	-54		
1138	11.3800	9	-59		
1139	11.3900	10	-64		
1140	11.4000	10	-68		
1141	11.4100	11	-72		
1142	11.4200	12	-76		
1143	11.4300	12	-80		
1144	11.4400	13	-83		
1145	11.4500	13	-86		
1146	11.4600	14	-88		
1147	11.4700	14	-90		
1148	11.4800	15	-92		
1149	11.4900	15	-94		
1150	11.5000	16	-95		
1151	11.5100	16	-96		
1152	11.5200	17	-96		
1153	11.5300	17	-96		
1154	11.5400	18	-95		
1155	11.5500	18	-94		
1156	11.5600	18	-92		
1157	11.5700	18	-90		
1158	11.5800	18	-88		
1159	11.5900	19	-86		
1160	11.6000	19	-83		
1161	11.6100	19	-80		
1162	11.6200	19	-76		
1163	11.6300	19	-72		
1164	11.6400	19	-68		
1165	11.6500	19	-64		
1166	11.6600	19	-59		
1167	11.6700	19	-54		
1168	11.6800	19	-48		
1169	11.6900	18	-43		
1170	11.7000	18	-37		
1171	11.7100	18	-31		
1172	11.7200	18	-25		
1173	11.7300	17	-19		
1174	11.7400	17	-13		
1175	11.7500	16	-7		
1176	11.7600	16	0		
1177	11.7700	15	6		
1178	11.7800	15	12		
1179	11.7900	14	18		
1180	11.8000	14	25		
1181	11.8100	13	31		
1182	11.8200	12	37		
1183	11.8300	12	43		
1184	11.8400	11	49		
1185	11.8500	10	54		
1186	11.8600	10	60		
1187	11.8700	9	65		
1188	11.8800	8	70		
1189	11.8900	8	74		
1190	11.9000	7	79		
1191	11.9100	6	83		
1192	11.9200	6	87		
1193	11.9300	5	90		
1194	11.9400	5	93		
1195	11.9500	4	96		
1196	11.9600	4	98		
1197	11.9700	3	100		
1198	11.9800	2	102		
1199	11.9900	2	103		
1200	12.0000	2	104		
1201	12.0100	1	104		
1202	12.0200	0	104		
1203	12.0300	0	104		
1204	12.0400	0	103		
1205	12.0500	0	102		
1206	12.0600	-1	100		
1207	12.0700	-1	99		
1208	12.0800	-1	96		
1209	12.0900	-2	94		
1210	12.1000	-2	90		
1211	12.1100	-2	87		
1212	12.1200	-2	84		
1213	12.1300	-2	79		
1214	12.1400	-2	75		
1215	12.1500	-2	70		
1216	12.1600	-1	66		
1217	12.1700	-1	60		
1218	12.1800	-1	55		
1219	12.1900	-1	50		
1220	12.2000	0	44		
1221	12.2100	0	38		
1222	12.2200	0	32		
1223	12.2300	1	26		
1224	12.2400	1	20		
1225	12.2500	2	13		
1226	12.2600	2	7		
1227	12.2700	3	1		
1228	12.2800	3	-6		
1229	12.2900	4	-12		
1230	12.3000	4	-18		
1231	12.3100	5	-24		
1232	12.3200	6	-30		
1233	12.3300	6	-36		
1234	12.3400	7	-42		
1235	12.3500	8	-47		
1236	12.3600	8	-52		
1237	12.3700	9	-58		
1238	12.3800	10	-62		
1239	12.3900	10	-67		
1240	12.4000	11	-71		
1241	12.4100	11	-75		
1242	12.4200	12	-79		
1243	12.4300	12	-82		
1244	12.4400	13	-85		
1245	12.4500	14	-88		
1246	12.4600	14	-90		
1247	12.4700	15	-92		
1248	12.4800	15	-93		
1249	12.4900	16	-94		
1250	12.5000	16	-95		
1251	12.5100	17	-95		
1252	12.5200	17	-95		
1253	12.5300	18	-95		
1254	12.5400	18	-94		
1255	12.5500	18	-92		
1256	12.5600	18	-91		
1257	12.5700	18	-88		
1258	12.5800	19	-86		
1259	12.5900	19	-84		
1260	12.6000	19	-80		
1261	12.6100	19	-76		
1262	12.6200	19	-73		
1263	12.6300	19	-68		
1264	12.6400	19	-64		
1265	12.6500	19	-60		
1266	12.6600	19	-54		
1267	12.6700	19	-49		
1268	12.6800	18	-44		
1269	12.6900	18	-38		
1270	12.7000	18	-32		
1271	12.7100	18	-26		
1272	12.7200	17	-20		
1273	12.7300	17	-14		
1274	12.7400	16	-8		
1275	12.7500	16	-2		
1276	12.7600	15	5		
1277	12.7700	15	11		
1278	12.7800	14	17		
1279	12.7900	14	24		
1280	12.8000	13	30		
1281	12.8100	12	36		
1282	12.8200	12	42		
1283	12.8300	11	48		
1284	12.8400	11	53		
1285	12.8500	10	58		
1286	12.8600	9	64		
1287	12.8700	9	69		
1288	12.8800	8	74		
1289	12.8900	7	78		
1290	12.9000	7	82		
1291	12.9100	6	86		
1292	12.9200	5	90		
1293	12.9300	5	92		
1294	12.9400	4	95		
1295	12.9500	4	98		
1296	12.9600	3	100		
1297	12.9700	2	102		
1298	12.9800	2	103		
1299	12.9900	2	104		
1300	13.0000	1	104		
1301	13.0100	0	104		
1302	13.0200	0	104		
1303	13.0300	0	103		
1304	13.0400	0	102		
1305	13.0500	-1	101		
1306	13.0600	-1	99		
1307	13.0700	-1	96		
1308	13.0800	-2	94		
1309	13.0900	-2	91		
1310	13.1000	-2	88		
1311	13.1100	-2	84		
1312	13.1200	-2	80		
1313	13.1300	-2	76		
1314	13.1400	-2	71		
1315	13.1500	-1	66		
1316	13.1600	-1	61		
1317	13.1700	-1	56		
1318	13.1800	-1	50		
1319	13.1900	0	45		
1320	13.2000	0	39		
1321	13.2100	0	33		
1322	13.2200	1	27		
1323	13.2300	1	20		
1324	13.2400	2	14		
1325	13.2500	2	8		
1326	13.2600	3	2		
1327	13.2700	3	-4		
1328	13.2800	4	-11		
1329	13.2900	4	-17		
1330	13.3000	5	-23		
1331	13.3100	6	-29		
1332	13.3200	6	-35		
1333	13.3300	7	-41		
1334	13.3400	8	-46		
1335	13.3500	8	-52		
1336	13.3600	9	-56		
1337	13.3700	9	-61		
1338	13.3800	10	-66		
1339	13.3900	11	-70		
1340	13.4000	11	-74		
1341	13.4100	12	-78		
1342	13.4200	12	-81		
1343	13.4300	13	-84		
1344	13.4400	14	-87		
1345	13.4500	14	-89		
1346	13.4600	15	-91		
1347	13.4700	15	-93		
1348	13.4800	16	-94		
1349	13.4900	16	-94		
1350	13.5000	17	-95		
1351	13.5100	17	-95		
1352	13.5200	17	-94		
1353	13.5300	18	-94		
1354	13.5400	18	-92		
1355	13.5500	18	-91		
1356	13.5600	18	-89		
1357	13.5700	19	-86		
1358	13.5800	19	-84		
1359	13.5900	19	-80		
1360	13.6000	19	-77		
1361	13.6100	19	-73		
1362	13.6200	19	-69		
1363	13.6300	19	-65		
1364	13.6400	19	-60		
1365	13.6500	19	-55		
1366	13.6600	19	-50		
1367	13.6700	18	-45		
1368	13.6800	18	-39		
1369	13.6900	18	-34		
1370	13.7000	18	-28		
1371	13.7100	17	-21		
1372	13.7200	17	-15		
1373	13.7300	16	-9		
1374	13.7400	16	-3		
1375	13.7500	16	4		
1376	13.7600	15	10		
1377	13.7700	14	16		
1378	13.7800	14	22		
1379	13.7900	13	28		
1380	13.8000	13	34		
1381	13.8100	12	40		
1382	13.8200	11	46		
1383	13.8300	11	52		
1384	13.8400	10	58		
1385	13.8500	9	63		
1386	13.8600	9	68		
1387	13.8700	8	72		
1388	13.8800	7	77		
1389	13.8900	7	81		
1390	13.9000	6	85		
1391	13.9100	6	88		
1392	13.9200	5	92		
1393	13.9300	4	94		
1394	13.9400	4	97		
1395	13.9500	3	99		
1396	13.9600	2	101		
1397	13.9700	2	102		
1398	13.9800	2	103		
1399	13.9900	1	104		
1400	14.0000	1	104		
1401	14.0100	0	104		
1402	14.0200	0	103		
1403	14.0300	0	102		
1404	14.0400	-1	101		
1405	14.0500	-1	99		
1406	14.0600	-1	97		
1407	14.0700	-1	94		
1408	14.0800	-2	91		
1409	14.0900	-2	88		
1410	14.1000	-2	84		
1411	14.1100	-2	80		
1412	14.1200	-2	76		
1413	14.1300	-2	72		
1414	14.1400	-1	67		
1415	14.1500	-1	62		
1416	14.1600	-1	57		
1417	14.1700	-1	51		
1418	14.1800	0	46		
1419	14.1900	0	40		
1420	14.2000	0	34		
1421	14.2100	1	28		
1422	14.2200	1	22		
1423	14.2300	2	16		
1424	14.2400	2	9		
1425	14.2500	2	3		
1426	14.2600	3	-3		
1427	14.2700	4	-10		
1428	14.2800	4	-16		
1429	14.2900	5	-22		
1430	14.3000	6	-28		
1431	14.3100	6	-34		
1432	14.3200	7	-40		
1433	14.3300	7	-45		
1434	14.3400	8	-50		
1435	14.3500	9	-56		
1436	14.3600	9	-60		
1437	14.3700	10	-65		
1438	14.3800	10	-69		
1439	14.3900	11	-73		
1440	14.4000	12	-77		
1441	14.4100	12	-80		
1442	14.4200	13	-84		
1443	14.4300	14	-86		
1444	14.4400	14	-89		
1445	14.4500	15	-91		
1446	14.4600	15	-92		
1447	14.4700	16	-94		
1448	14.4800	16	-94		
1449	14.4900	16	-95		
1450	14.5000	17	-95		
1451	14.5100	17	-94		
1452	14.5200	18	-94		
1453	14.5300	18	-92		
1454	14.5400	18	-91		
1455	14.5500	18	-89		
1456	14.5600	19	-86		
1457	14.5700	19	-84		
1458	14.5800	19	-81		
1459	14.5900	19	-78		
1460	14.6000	19	-74		
1461	14.6100	19	-70		
1462	14.6200	19	-66		
1463	14.6300	19	-61		
1464	14.6400	19	-56		
1465	14.6500	19	-51		
1466	14.6600	18	-46		
1467	14.6700	18	-40		
1468	14.6800	18	-34		
1469	14.6900	18	-28		
1470	14.7000	17	-22		
1471	14.7100	17	-16		
1472	14.7200	16	-10		
1473	14.7300	16	-4		
1474	14.7400	16	2		
1475	14.7500	15	9		
1476	14.7600	14	15		
1477	14.7700	14	21		
1478	14.7800	13	27		
1479	14.7900	13	34		
1480	14.8000	12	39		
1481	14.8100	12	45		
1482	14.8200	11	51		
1483	14.8300	10	56		
1484	14.8400	10	62		
1485	14.8500	9	67		
1486	14.8600	8	72		
1487	14.8700	8	76		
1488	14.8800	7	80		
1489	14.8900	6	84		
1490	14.9000	6	88		
1491	14.9100	5	91		
1492	14.9200	4	94		
1493	14.9300	4	96		
1494	14.9400	3	99		
1495	14.9500	3	100		
1496	14.9600	2	102		
1497	14.9700	2	103		
1498	14.9800	1	104		
1499	14.9900	1	104		
1500	15.0000	0	104		
1501	15.0100	0	103		
1502	15.0200	0	102		
1503	15.0300	-1	101		
1504	15.0400	-1	99		
1505	15.0500	-1	97		
1506	15.0600	-1	94		
1507	15.0700	-2	92		
1508	15.0800	-2	88		
1509	15.0900	-2	85		
1510	15.1000	-2	81		
1511	15.1100	-2	77		
1512	15.1200	-2	72		
1513	15.1300	-1	68		
1514	15.1400	-1	63		
1515	15.1500	-1	58		
1516	15.1600	-1	52		
1517	15.1700	0	47		
1518	15.1800	0	41		
1519	15.1900	0	35		
1520	15.2000	1	29		
1521	15.2100	1	23		
1522	15.2200	2	16		
1523	15.2300	2	10		
1524	15.2400	2	4		
1525	15.2500	3	-2		
1526	15.2600	4	-8		
1527	15.2700	4	-14		
1528	15.2800	5	-21		
1529	15.2900	5	-27		
1530	15.3000	6	-32		
1531	15.3100	7	-38		
1532	15.3200	7	-44		
1533	15.3300	8	-49		
1534	15.3400	8	-54		
1535	15.3500	9	-60		
1536	15.3600	10	-64		
1537	15.3700	10	-68		
1538	15.3800	11	-72		
1539	15.3900	12	-76		
1540	15.4000	12	-80		
1541	15.4100	13	-83		
1542	15.4200	14	-86		
1543	15.4300	14	-88		
1544	15.4400	14	-90		
1545	15.4500	15	-92		
1546	15.4600	16	-93		
1547	15.4700	16	-94		
1548	15.4800	16	-94		
1549	15.4900	17	-95		
1550	15.5000	17	-94		
1551	15.5100	18	-94		
1552	15.5200	18	-92		
1553	15.5300	18	-91		
1554	15.5400	18	-89		
1555	15.5500	19	-87		
1556	15.5600	19	-84		
1557	15.5700	19	-82		
1558	15.5800	19	-78		
1559	15.5900	19	-74		
1560	15.6000	19	-70		
1561	15.6100	19	-66		
1562	15.6200	19	-62		
1563	15.6300	19	-57		
1564	15.6400	19	-52		
1565	15.6500	18	-46		
1566	15.6600	18	-41		
1567	15.6700	18	-35		
1568	15.6800	18	-30		
1569	15.6900	17	-24		
1570	15.7000	17	-18		
1571	15.7100	16	-11		
1572	15.7200	16	-5		
1573	15.7300	16	1		
1574	15.7400	15	8		
1575	15.7500	15	14		
1576	15.7600	14	20		
1577	15.7700	14	26		
1578	15.7800	13	32		
1579	15.7900	12	38		
1580	15.8000	12	44		
1581	15.8100	11	50		
1582	15.8200	10	55		
1583	15.8300	10	60		
1584	15.8400	9	66		
1585	15.8500	8	70		
1586	15.8600	8	75		
1587	15.8700	7	79		
1588	15.8800	6	83		
1589	15.8900	6	87		
1590	15.9000	5	90		
1591	15.9100	4	93		
1592	15.9200	4	96		
1593	15.9300	3	98		
1594	15.9400	3	100		
1595	15.9500	2	102		
1596	15.9600	2	103		
1597	15.9700	1	103		
1598	15.9800	1	104		
1599	15.9900	0	104		
1600	16.0000	0	103		
1601	16.0100	0	102		
1602	16.0200	-1	101		
1603	16.0300	-1	99		
1604	16.0400	-1	97		
1605	16.0500	-1	95		
1606	16.0600	-2	92		
1607	16.0700	-2	89		
1608	16.0800	-2	86		
1609	16.0900	-2	82		
1610	16.1000	-2	78		
1611	16.1100	-2	73		
1612	16.1200	-1	68		
1613	16.1300	-1	64		
1614	16.1400	-1	58		
1615	16.1500	-1	53		
1616	16.1600	0	48		
1617	16.1700	0	42		
1618	16.1800	0	36		
1619	16.1900	0	30		
1620	16.2000	1	24		
1621	16.2100	2	18		
1622	16.2200	2	12		
1623	16.2300	2	5		
1624	16.2400	3	-1		
1625	16.2500	4	-7		
1626	16.2600	4	-14		
1627	16.2700	5	-20		
1628	16.2800	5	-26		
1629	16.2900	6	-32		
1630	16.3000	6	-37		
1631	16.3100	7	-43		
1632	16.3200	8	-48		
1633	16.3300	8	-54		
1634	16.3400	9	-58		
1635	16.3500	10	-63		
1636	16.3600	10	-68		
1637	16.3700	11	-72		
1638	16.3800	12	-76		
1639	16.3900	12	-79		
1640	16.4000	13	-82		
1641	16.4100	13	-85		
1642	16.4200	14	-88		
1643	16.4300	14	-90		
1644	16.4400	15	-92		
1645	16.4500	16	-93		
1646	16.4600	16	-94		
1647	16.4700	16	-94		
1648	16.4800	17	-94		
1649	16.4900	17	-94		
1650	16.5000	18	-94		
1651	16.5100	18	-93		
1652	16.5200	18	-91		
1653	16.5300	18	-90		
1654	16.5400	19	-87		
1655	16.5500	19	-85		
1656	16.5600	19	-82		
1657	16.5700	19	-79		
1658	16.5800	19	-75		
1659	16.5900	19	-71		
1660	16.6000	19	-67		
1661	16.6100	19	-62		
1662	16.6200	19	-58		
1663	16.6300	19	-53		
1664	16.6400	18	-48		
1665	16.6500	18	-42		
1666	16.6600	18	-36		
1667	16.6700	18	-31		
1668	16.6800	18	-25		
1669	16.6900	17	-19		
1670	16.7000	17	-12		
1671	16.7100	16	-6		
1672	16.7200	16	0		
1673	16.7300	15	6		
1674	16.7400	15	12		
1675	16.7500	14	19		
1676	16.7600	14	25		
1677	16.7700	13	31		
1678	16.7800	12	37		
1679	16.7900	12	43		
1680	16.8000	11	49		
1681	16.8100	10	54		
1682	16.8200	10	60		
1683	16.8300	9	65		
1684	16.8400	8	70		
1685	16.8500	8	74		
1686	16.8600	7	78		
1687	16.8700	6	82		
1688	16.8800	6	86		
1689	16.8900	5	90		
1690	16.9000	4	93		
1691	16.9100	4	96		
1692	16.9200	3	98		
1693	16.9300	3	100		
1694	16.9400	2	101		
1695	16.9500	2	102		
1696	16.9600	1	103		
1697	16.9700	1	104		
1698	16.9800	0	104		
1699	16.9900	0	103		
1700	17.0000	0	102		
1701	17.0100	-1	101		
1702	17.0200	-1	100		
1703	17.0300	-1	98		
1704	17.0400	-1	96		
1705	17.0500	-2	93		
1706	17.0600	-2	90		
1707	17.0700	-2	86		
1708	17.0800	-2	82		
1709	17.0900	-2	78		
1710	17.1000	-2	74		
1711	17.1100	-2	70		
1712	17.1200	-1	64		
1713	17.1300	-1	60		
1714	17.1400	-1	54		
1715	17.1500	0	49		
1716	17.1600	0	43		
1717	17.1700	0	37		
1718	17.1800	0	31		
1719	17.1900	1	25		
1720	17.2000	1	19		
1721	17.2100	2	13		
1722	17.2200	2	6		
1723	17.2300	3	0		
1724	17.2400	4	-6		
1725	17.2500	4	-12		
1726	17.2600	4	-18		
1727	17.2700	5	-24		
1728	17.2800	6	-30		
1729	17.2900	6	-36		
1730	17.3000	7	-42		
1731	17.3100	8	-47		
1732	17.3200	8	-52		
1733	17.3300	9	-58		
1734	17.3400	10	-62		
1735	17.3500	10	-67		
1736	17.3600	11	-71		
1737	17.3700	12	-75		
1738	17.3800	12	-78		
1739	17.3900	13	-82		
1740	17.4000	13	-84		
1741	17.4100	14	-87		
1742	17.4200	14	-90		
1743	17.4300	15	-91		
1744	17.4400	15	-92		
1745	17.4500	16	-94		
1746	17.4600	16	-94		
1747	17.4700	17	-94		
1748	17.4800	17	-94		
1749	17.4900	18	-94		
1750	17.5000	18	-93		
1751	17.5100	18	-92		
1752	17.5200	18	-90		
1753	17.5300	18	-88		
1754	17.5400	19	-85		
1755	17.5500	19	-82		
1756	17.5600	19	-79		
1757	17.5700	19	-76		
1758	17.5800	19	-72		
1759	17.5900	19	-68		
1760	17.6000	19	-63		
1761	17.6100	19	-58		
1762	17.6200	19	-54		
1763	17.6300	19	-48		
1764	17.6400	18	-43		
1765	17.6500	18	-38		
1766	17.6600	18	-32		
1767	17.6700	18	-26		
1768	17.6800	17	-20		
1769	17.6900	17	-14		
1770	17.7000	16	-8		
1771	17.7100	16	-1		
1772	17.7200	15	5		
1773	17.7300	15	12		
1774	17.7400	14	18		
1775	17.7500	14	24		
1776	17.7600	13	30		
1777	17.7700	12	36		
1778	17.7800	12	42		
1779	17.7900	11	48		
1780	17.8000	10	53		
1781	17.8100	10	58		
1782	17.8200	9	64		
1783	17.8300	8	68		
1784	17.8400	8	73		
1785	17.8500	7	78		
1786	17.8600	6	82		
1787	17.8700	6	86		
1788	17.8800	5	89		
1789	17.8900	5	92		
1790	17.9000	4	95		
1791	17.9100	4	97		
1792	17.9200	3	99		
1793	17.9300	2	101		
1794	17.9400	2	102		
1795	17.9500	1	103		
1796	17.9600	1	104		
1797	17.9700	0	104		
1798	17.9800	0	103		
1799	17.9900	0	102		
1800	18.0000	0	101		
1801	18.0100	-1	100		
1802	18.0200	-1	98		
1803	18.0300	-1	96		
1804	18.0400	-2	93		
1805	18.0500	-2	90		
1806	18.0600	-2	87		
1807	18.0700	-2	83		
1808	18.0800	-2	79		
1809	18.0900	-2	75		
1810	18.1000	-2	70		
1811	18.1100	-1	66		
1812	18.1200	-1	60		
1813	18.1300	-1	55		
1814	18.1400	0	50		
1815	18.1500	0	44		
1816	18.1600	0	38		
1817	18.1700	0	32		
1818	18.1800	1	26		
1819	18.1900	1	20		
1820	18.2000	2	14		
1821	18.2100	2	8		
1822	18.2200	3	1		
1823	18.2300	3	-5		
1824	18.2400	4	-11		
1825	18.2500	4	-17		
1826	18.2600	5	-23		
1827	18.2700	6	-29		
1828	18.2800	6	-35		
1829	18.2900	7	-41		
1830	18.3000	8	-46		
1831	18.3100	8	-52		
1832	18.3200	9	-56		
1833	18.3300	10	-61		
1834	18.3400	10	-66		
1835	18.3500	11	-70		
1836	18.3600	11	-74		
1837	18.3700	12	-78		
1838	18.3800	12	-81		
1839	18.3900	13	-84		
1840	18.4000	14	-86		
1841	18.4100	14	-89		
1842	18.4200	15	-90		
1843	18.4300	15	-92		
1844	18.4400	16	-93		
1845	18.4500	16	-94		
1846	18.4600	17	-94		
1847	18.4700	17	-94		
1848	18.4800	18	-94		
1849	18.4900	18	-93		
1850	18.5000	18	-92		
1851	18.5100	18	-90		
1852	18.5200	18	-88		
1853	18.5300	19	-86		
1854	18.5400	19	-83		
1855	18.5500	19	-80		
1856	18.5600	19	-76		
1857	18.5700	19	-72		
1858	18.5800	19	-68		
1859	18.5900	19	-64		
1860	18.6000	19	-59		
1861	18.6100	19	-54		
1862	18.6200	19	-49		
1863	18.6300	18	-44		
1864	18.6400	18	-38		
1865	18.6500	18	-32		
1866	18.6600	18	-27		
1867	18.6700	17	-21		
1868	18.6800	17	-14		
1869	18.6900	16	-8		
1870	18.7000	16	-2		
1871	18.7100	15	4		
1872	18.7200	15	10		
1873	18.7300	14	16		
1874	18.7400	14	23		
1875	18.7500	13	29		
1876	18.7600	12	35		
1877	18.7700	12	41		
1878	18.7800	11	46		
1879	18.7900	11	52		
1880	18.8000	10	58		
1881	18.8100	9	63		
1882	18.8200	9	68		
1883	18.8300	8	72		
1884	18.8400	7	77		
1885	18.8500	7	81		
1886	18.8600	6	85		
1887	18.8700	5	88		
1888	18.8800	5	91		
1889	18.8900	4	94		
1890	18.9000	4	96		
1891	18.9100	3	99		
1892	18.9200	2	100		
1893	18.9300	2	102		
1894	18.9400	2	102		
1895	18.9500	1	103		
1896	18.9600	0	103		
1897	18.9700	0	103		
1898	18.9800	0	102		
1899	18.9900	0	101		
1900	19.0000	-1	100		
1901	19.0100	-1	98		
1902	19.0200	-1	96		
1903	19.0300	-1	93		
1904	19.0400	-2	90		
1905	19.0500	-2	87		
1906	19.0600	-2	84		
1907	19.0700	-2	80		
1908	19.0800	-2	75		
1909	19.0900	-2	71		
1910	19.1000	-1	66		
1911	19.1100	-1	61		
1912	19.1200	-1	56		
1913	19.1300	-1	50		
1914	19.1400	0	45		
1915	19.1500	0	39		
1916	19.1600	0	33		
1917	19.1700	1	27		
1918	19.1800	1	21		
1919	19.1900	2	15		
1920	19.2000	2	8		
1921	19.2100	3	2		
1922	19.2200	3	-4		
1923	19.2300	4	-10		
1924	19.2400	4	-16		
1925	19.2500	5	-22		
1926	19.2600	6	-28		
1927	19.2700	6	-34		
1928	19.2800	7	-40		
1929	19.2900	8	-45		
1930	19.3000	8	-50		
1931	19.3100	9	-56		
1932	19.3200	9	-60		
1933	19.3300	10	-65		
1934	19.3400	11	-69		
1935	19.3500	11	-73		
1936	19.3600	12	-77		
1937	19.3700	12	-80		
1938	19.3800	13	-83		
1939	19.3900	14	-86		
1940	19.4000	14	-88		
1941	19.4100	15	-90		
1942	19.4200	15	-92		
1943	19.4300	16	-93		
1944	19.4400	16	-94		
1945	19.4500	17	-94		
1946	19.4600	17	-94		
1947	19.4700	17	-94		
1948	19.4800	18	-93		
1949	19.4900	18	-92		
1950	19.5000	18	-90		
1951	19.5100	18	-88		
1952	19.5200	19	-86		
1953	19.5300	19	-83		
1954	19.5400	19	-80		
1955	19.5500	19	-76		
1956	19.5600	19	-73		
1957	19.5700	19	-69		
1958	19.5800	19	-64		
1959	19.5900	19	-60		
1960	19.6000	19	-55		
1961	19.6100	19	-50		
1962	19.6200	18	-44		
1963	19.6300	18	-39		
1964	19.6400	18	-34		
1965	19.6500	18	-28		
1966	19.6600	17	-22		
1967	19.6700	17	-16		
1968	19.6800	16	-10		
1969	19.6900	16	-3		
1970	19.7000	16	3		
1971	19.7100	15	9		
1972	19.7200	14	16		
1973	19.7300	14	22		
1974	19.7400	13	28		
1975	19.7500	13	34		
1976	19.7600	12	40		
1977	19.7700	11	46		
1978	19.7800	11	51		
1979	19.7900	10	56		
1980	19.8000	10	62		
1981	19.8100	9	67		
1982	19.8200	8	72		
1983	19.8300	7	76		
1984	19.8400	7	80		
1985	19.8500	6	84		
1986	19.8600	6	88		
1987	19.8700	5	91		
1988	19.8800	4	94		
1989	19.8900	4	96		
1990	19.9000	3	98		
1991	19.9100	2	100		
1992	19.9200	2	101		
1993	19.9300	2	102		
1994	19.9400	1	103		
1995	19.9500	1	103		
1996	19.9600	0	103		
1997	19.9700	0	102		
1998	19.9800	0	101		
1999	19.9900	-1	100		
2000	20.0000	-1	98		
