#	time(s)	count A	count B	count C	count D
1	0.0100	8	-14		
2	0.0200	8	-16		
3	0.0300	8	-18		
4	0.0400	8	-19		
5	0.0500	8	-21		
6	0.0600	8	-22		
7	0.0700	8	-23		
8	0.0800	8	-24		
9	0.0900	9	-25		
10	0.1000	9	-26		
11	0.1100	9	-27		
12	0.1200	9	-27		
13	0.1300	9	-28		
14	0.1400	9	-28		
15	0.1500	10	-28		
16	0.1600	10	-28		
17	0.1700	10	-28		
18	0.1800	10	-28		
19	0.1900	10	-28		
20	0.2000	10	-28		
21	0.2100	10	-27		
22	0.2200	10	-26		
23	0.2300	10	-26		
24	0.2400	10	-25		
25	0.2500	10	-24		
26	0.2600	11	-22		
27	0.2700	11	-21		
28	0.2800	11	-20		
29	0.2900	11	-18		
30	0.3000	11	-17		
31	0.3100	11	-16		
32	0.3200	11	-14		
33	0.3300	11	-12		
34	0.3400	11	-10		
35	0.3500	11	-8		
36	0.3600	11	-6		
37	0.3700	11	-4		
38	0.3800	11	-2		
39	0.3900	11	0		
40	0.4000	11	2		
41	0.4100	11	4		
42	0.4200	11	6		
43	0.4300	11	8		
44	0.4400	11	10		
45	0.4500	11	12		
46	0.4600	10	14		
47	0.4700	10	16		
48	0.4800	10	18		
49	0.4900	10	20		
50	0.5000	10	21		
51	0.5100	10	23		
52	0.5200	10	25		
53	0.5300	9	26		
54	0.5400	9	28		
55	0.5500	9	29		
56	0.5600	9	30		
57	0.5700	9	32		
58	0.5800	8	33		
59	0.5900	8	34		
60	0.6000	8	34		
61	0.6100	8	36		
62	0.6200	8	36		
63	0.6300	8	36		
64	0.6400	8	37		
65	0.6500	8	37		
66	0.6600	8	37		
67	0.6700	7	37		
68	0.6800	7	37		
69	0.6900	7	37		
70	0.7000	7	36		
71	0.7100	7	36		
72	0.7200	7	35		
73	0.7300	7	34		
74	0.7400	7	34		
75	0.7500	7	33		
76	0.7600	6	32		
77	0.7700	6	30		
78	0.7800	6	29		
79	0.7900	6	28		
80	0.8000	6	26		
81	0.8100	6	24		
82	0.8200	6	23		
83	0.8300	6	21		
84	0.8400	6	19		
85	0.8500	6	18		
86	0.8600	6	16		
87	0.8700	6	14		
88	0.8800	6	12		
89	0.8900	7	10		
90	0.9000	7	8		
91	0.9100	7	6		
92	0.9200	7	4		
93	0.9300	7	1		
94	0.9400	7	-1		
95	0.9500	7	-3		
96	0.9600	7	-5		
97	0.9700	7	-6		
98	0.9800	7	-8		
99	0.9900	7	-10		
100	1.0000	7	-12		
101	1.0100	8	-14		
102	1.0200	8	-16		
103	1.0300	8	-17		
104	1.0400	8	-19		
105	1.0500	8	-20		
106	1.0600	8	-22		
107	1.0700	8	-23		
108	1.0800	8	-24		
109	1.0900	9	-25		
110	1.1000	9	-26		
111	1.1100	9	-26		
112	1.1200	9	-27		
113	1.1300	9	-28		
114	1.1400	9	-28		
115	1.1500	10	-28		
116	1.1600	10	-28		
117	1.1700	10	-28		
118	1.1800	10	-28		
119	1.1900	10	-28		
120	1.2000	10	-28		
121	1.2100	10	-27		
122	1.2200	10	-26		
123	1.2300	10	-26		
124	1.2400	10	-25		
125	1.2500	11	-24		
126	1.2600	11	-23		
127	1.2700	11	-22		
128	1.2800	11	-20		
129	1.2900	11	-19		
130	1.3000	11	-18		
131	1.3100	11	-16		
132	1.3200	11	-14		
133	1.3300	11	-13		
134	1.3400	11	-11		
135	1.3500	11	-9		
136	1.3600	11	-7		
137	1.3700	11	-5		
138	1.3800	11	-3		
139	1.3900	11	-1		
140	1.4000	11	1		
141	1.4100	11	3		
142	1.4200	11	5		
143	1.4300	11	7		
144	1.4400	11	9		
145	1.4500	11	11		
146	1.4600	10	13		
147	1.4700	10	15		
148	1.4800	10	17		
149	1.4900	10	19		
150	1.5000	10	21		
151	1.5100	10	22		
152	1.5200	10	24		
153	1.5300	9	26		
154	1.5400	9	27		
155	1.5500	9	29		
156	1.5600	9	30		
157	1.5700	9	31		
158	1.5800	9	32		
159	1.5900	8	34		
160	1.6000	8	34		
161	1.6100	8	35		
162	1.6200	8	36		
163	1.6300	8	36		
164	1.6400	8	37		
165	1.6500	8	37		
166	1.6600	8	37		
167	1.6700	7	37		
168	1.6800	7	37		
169	1.6900	7	37		
170	1.7000	7	37		
171	1.7100	7	36		
172	1.7200	7	36		
173	1.7300	7	35		
174	1.7400	7	34		
175	1.7500	7	33		
176	1.7600	7	32		
177	1.7700	6	31		
178	1.7800	6	30		
179	1.7900	6	28		
180	1.8000	6	27		
181	1.8100	6	25		
182	1.8200	6	24		
183	1.8300	6	22		
184	1.8400	6	20		
185	1.8500	6	18		
186	1.8600	6	16		
187	1.8700	6	14		
188	1.8800	6	12		
189	1.8900	7	10		
190	1.9000	7	8		
191	1.9100	7	6		
192	1.9200	7	4		
193	1.9300	7	2		
194	1.9400	7	0		
195	1.9500	7	-2		
196	1.9600	7	-4		
197	1.9700	7	-6		
198	1.9800	7	-8		
199	1.9900	7	-10		
200	2.0000	7	-12		
201	2.0100	8	-13		
202	2.0200	8	-15		
203	2.0300	8	-17		
204	2.0400	8	-18		
205	2.0500	8	-20		
206	2.0600	8	-21		
207	2.0700	8	-22		
208	2.0800	8	-23		
209	2.0900	9	-24		
210	2.1000	9	-25		
211	2.1100	9	-26		
212	2.1200	9	-27		
213	2.1300	9	-27		
214	2.1400	9	-28		
215	2.1500	10	-28		
216	2.1600	10	-28		
217	2.1700	10	-28		
218	2.1800	10	-28		
219	2.1900	10	-28		
220	2.2000	10	-28		
221	2.2100	10	-27		
222	2.2200	10	-27		
223	2.2300	10	-26		
224	2.2400	10	-25		
225	2.2500	10	-24		
226	2.2600	11	-23		
227	2.2700	11	-22		
228	2.2800	11	-21		
229	2.2900	11	-20		
230	2.3000	11	-18		
231	2.3100	11	-16		
232	2.3200	11	-15		
233	2.3300	11	-13		
234	2.3400	11	-12		
235	2.3500	11	-10		
236	2.3600	11	-8		
237	2.3700	11	-6		
238	2.3800	11	-4		
239	2.3900	11	-2		
240	2.4000	11	0		
241	2.4100	11	2		
242	2.4200	11	4		
243	2.4300	11	6		
244	2.4400	11	8		
245	2.4500	11	10		
246	2.4600	11	12		
247	2.4700	10	14		
248	2.4800	10	16		
249	2.4900	10	18		
250	2.5000	10	20		
251	2.5100	10	22		
252	2.5200	10	24		
253	2.5300	10	25		
254	2.5400	9	27		
255	2.5500	9	28		
256	2.5600	9	30		
257	2.5700	9	31		
258	2.5800	9	32		
259	2.5900	8	33		
260	2.6000	8	34		
261	2.6100	8	35		
262	2.6200	8	36		
263	2.6300	8	36		
264	2.6400	8	37		
265	2.6500	8	37		
266	2.6600	8	37		
267	2.6700	7	37		
268	2.6800	7	37		
269	2.6900	7	37		
270	2.7000	7	37		
271	2.7100	7	36		
272	2.7200	7	36		
273	2.7300	7	35		
274	2.7400	7	34		
275	2.7500	7	34		
276	2.7600	7	32		
277	2.7700	6	31		
278	2.7800	6	30		
279	2.7900	6	29		
280	2.8000	6	27		
281	2.8100	6	26		
282	2.8200	6	24		
283	2.8300	6	22		
284	2.8400	6	20		
285	2.8500	6	19		
286	2.8600	6	17		
287	2.8700	6	15		
288	2.8800	6	13		
289	2.8900	7	11		
290	2.9000	7	9		
291	2.9100	7	7		
292	2.9200	7	5		
293	2.9300	7	3		
294	2.9400	7	1		
295	2.9500	7	-1		
296	2.9600	7	-3		
297	2.9700	7	-5		
298	2.9800	7	-7		
299	2.9900	7	-9		
300	3.0000	7	-11		
301	3.0100	8	-13		
302	3.0200	8	-14		
303	3.0300	8	-16		
304	3.0400	8	-18		
305	3.0500	8	-19		
306	3.0600	8	-20		
307	3.0700	8	-22		
308	3.0800	8	-23		
309	3.0900	9	-24		
310	3.1000	9	-25		
311	3.1100	9	-26		
312	3.1200	9	-26		
313	3.1300	9	-27		
314	3.1400	9	-28		
315	3.1500	10	-28		
316	3.1600	10	-28		
317	3.1700	10	-28		
318	3.1800	10	-28		
319	3.1900	10	-28		
320	3.2000	10	-28		
321	3.2100	10	-28		
322	3.2200	10	-27		
323	3.2300	10	-26		
324	3.2400	10	-26		
325	3.2500	10	-24		
326	3.2600	11	-24		
327	3.2700	11	-22		
328	3.2800	11	-21		
329	3.2900	11	-20		
330	3.3000	11	-18		
331	3.3100	11	-17		
332	3.3200	11	-16		
333	3.3300	11	-14		
334	3.3400	11	-12		
335	3.3500	11	-10		
336	3.3600	11	-8		
337	3.3700	11	-6		
338	3.3800	11	-4		
339	3.3900	11	-2		
340	3.4000	11	0		
341	3.4100	11	2		
342	3.4200	11	4		
343	3.4300	11	6		
344	3.4400	11	8		
345	3.4500	11	10		
346	3.4600	11	12		
347	3.4700	10	14		
348	3.4800	10	16		
349	3.4900	10	18		
350	3.5000	10	20		
351	3.5100	10	21		
352	3.5200	10	23		
353	3.5300	10	25		
354	3.5400	9	26		
355	3.5500	9	28		
356	3.5600	9	29		
357	3.5700	9	30		
358	3.5800	9	32		
359	3.5900	8	33		
360	3.6000	8	34		
361	3.6100	8	35		
362	3.6200	8	36		
363	3.6300	8	36		
364	3.6400	8	36		
365	3.6500	8	37		
366	3.6600	8	37		
367	3.6700	7	37		
368	3.6800	7	37		
369	3.6900	7	37		
370	3.7000	7	37		
371	3.7100	7	36		
372	3.7200	7	36		
373	3.7300	7	35		
374	3.7400	7	34		
375	3.7500	7	34		
376	3.7600	7	33		
377	3.7700	6	32		
378	3.7800	6	30		
379	3.7900	6	29		
380	3.8000	6	28		
381	3.8100	6	26		
382	3.8200	6	24		
383	3.8300	6	23		
384	3.8400	6	21		
385	3.8500	6	19		
386	3.8600	6	17		
387	3.8700	6	16		
388	3.8800	6	14		
389	3.8900	6	12		
390	3.9000	7	10		
391	3.9100	7	8		
392	3.9200	7	5		
393	3.9300	7	3		
394	3.9400	7	1		
395	3.9500	7	-1		
396	3.9600	7	-3		
397	3.9700	7	-5		
398	3.9800	7	-7		
399	3.9900	7	-9		
400	4.0000	7	-10		
401	4.0100	7	-12		
402	4.0200	8	-14		
403	4.0300	8	-16		
404	4.0400	8	-17		
405	4.0500	8	-19		
406	4.0600	8	-20		
407	4.0700	8	-22		
408	4.0800	8	-23		
409	4.0900	8	-24		
410	4.1000	9	-25		
411	4.1100	9	-26		
412	4.1200	9	-26		
413	4.1300	9	-27		
414	4.1400	9	-28		
415	4.1500	9	-28		
416	4.1600	10	-28		
417	4.1700	10	-28		
418	4.1800	10	-28		
419	4.1900	10	-28		
420	4.2000	10	-28		
421	4.2100	10	-28		
422	4.2200	10	-27		
423	4.2300	10	-26		
424	4.2400	10	-26		
425	4.2500	10	-25		
426	4.2600	11	-24		
427	4.2700	11	-23		
428	4.2800	11	-22		
429	4.2900	11	-20		
430	4.3000	11	-19		
431	4.3100	11	-18		
432	4.3200	11	-16		
433	4.3300	11	-14		
434	4.3400	11	-12		
435	4.3500	11	-11		
436	4.3600	11	-9		
437	4.3700	11	-7		
438	4.3800	11	-5		
439	4.3900	11	-3		
440	4.4000	11	-1		
441	4.4100	11	1		
442	4.4200	11	3		
443	4.4300	11	5		
444	4.4400	11	7		
445	4.4500	11	9		
446	4.4600	11	11		
447	4.4700	10	13		
448	4.4800	10	15		
449	4.4900	10	17		
450	4.5000	10	19		
451	4.5100	10	21		
452	4.5200	10	23		
453	4.5300	10	24		
454	4.5400	9	26		
455	4.5500	9	28		
456	4.5600	9	29		
457	4.5700	9	30		
458	4.5800	9	32		
459	4.5900	8	32		
460	4.6000	8	34		
461	4.6100	8	34		
462	4.6200	8	35		
463	4.6300	8	36		
464	4.6400	8	36		
465	4.6500	8	37		
466	4.6600	8	37		
467	4.6700	8	37		
468	4.6800	7	37		
469	4.6900	7	37		
470	4.7000	7	37		
471	4.7100	7	36		
472	4.7200	7	36		
473	4.7300	7	36		
474	4.7400	7	35		
475	4.7500	7	34		
476	4.7600	7	33		
477	4.7700	7	32		
478	4.7800	6	31		
479	4.7900	6	30		
480	4.8000	6	28		
481	4.8100	6	26		
482	4.8200	6	25		
483	4.8300	6	23		
484	4.8400	6	22		
485	4.8500	6	20		
486	4.8600	6	18		
487	4.8700	6	16		
488	4.8800	6	14		
489	4.8900	6	12		
490	4.9000	7	10		
491	4.9100	7	8		
492	4.9200	7	6		
493	4.9300	7	4		
494	4.9400	7	2		
495	4.9500	7	0		
496	4.9600	7	-2		
497	4.9700	7	-4		
498	4.9800	7	-6		
499	4.9900	7	-8		
500	5.0000	7	-10		
501	5.0100	7	-12		
502	5.0200	8	-14		
503	5.0300	8	-15		
504	5.0400	8	-17		
505	5.0500	8	-18		
506	5.0600	8	-20		
507	5.0700	8	-21		
508	5.0800	8	-22		
509	5.0900	8	-24		
510	5.1000	9	-24		
511	5.1100	9	-25		
512	5.1200	9	-26		
513	5.1300	9	-27		
514	5.1400	9	-27		
515	5.1500	9	-28		
516	5.1600	10	-28		
517	5.1700	10	-28		
518	5.1800	10	-28		
519	5.1900	10	-28		
520	5.2000	10	-28		
521	5.2100	10	-28		
522	5.2200	10	-27		
523	5.2300	10	-27		
524	5.2400	10	-26		
525	5.2500	10	-25		
526	5.2600	11	-24		
527	5.2700	11	-23		
528	5.2800	11	-22		
529	5.2900	11	-21		
530	5.3000	11	-19		
531	5.3100	11	-18		
532	5.3200	11	-16		
533	5.3300	11	-15		
534	5.3400	11	-13		
535	5.3500	11	-11		
536	5.3600	11	-9		
537	5.3700	11	-8		
538	5.3800	11	-6		
539	5.3900	11	-4		
540	5.4000	11	-2		
541	5.4100	11	0		
542	5.4200	11	2		
543	5.4300	11	4		
544	5.4400	11	6		
545	5.4500	11	9		
546	5.4600	11	11		
547	5.4700	10	13		
548	5.4800	10	15		
549	5.4900	10	16		
550	5.5000	10	18		
551	5.5100	10	20		
552	5.5200	10	22		
553	5.5300	10	24		
554	5.5400	9	26		
555	5.5500	9	27		
556	5.5600	9	28		
557	5.5700	9	30		
558	5.5800	9	31		
559	5.5900	9	32		
560	5.6000	8	33		
561	5.6100	8	34		
562	5.6200	8	35		
563	5.6300	8	36		
564	5.6400	8	36		
565	5.6500	8	37		
566	5.6600	8	37		
567	5.6700	8	37		
568	5.6800	7	37		
569	5.6900	7	37		
570	5.7000	7	37		
571	5.7100	7	37		
572	5.7200	7	36		
573	5.7300	7	36		
574	5.7400	7	35		
575	5.7500	7	34		
576	5.7600	7	33		
577	5.7700	7	32		
578	5.7800	6	31		
579	5.7900	6	30		
580	5.8000	6	28		
581	5.8100	6	27		
582	5.8200	6	25		
583	5.8300	6	24		
584	5.8400	6	22		
585	5.8500	6	20		
586	5.8600	6	18		
587	5.8700	6	16		
588	5.8800	6	14		
589	5.8900	6	13		
590	5.9000	7	11		
591	5.9100	7	8		
592	5.9200	7	6		
593	5.9300	7	4		
594	5.9400	7	2		
595	5.9500	7	0		
596	5.9600	7	-2		
597	5.9700	7	-4		
598	5.9800	7	-6		
599	5.9900	7	-8		
600	6.0000	7	-10		
601	6.0100	7	-11		
602	6.0200	8	-13		
603	6.0300	8	-15		
604	6.0400	8	-16		
605	6.0500	8	-18		
606	6.0600	8	-19		
607	6.0700	8	-21		
608	6.0800	8	-22		
609	6.0900	8	-23		
610	6.1000	9	-24		
611	6.1100	9	-25		
612	6.1200	9	-26		
613	6.1300	9	-27		
614	6.1400	9	-27		
615	6.1500	9	-28		
616	6.1600	10	-28		
617	6.1700	10	-28		
618	6.1800	10	-28		
619	6.1900	10	-28		
620	6.2000	10	-28		
621	6.2100	10	-28		
622	6.2200	10	-27		
623	6.2300	10	-27		
624	6.2400	10	-26		
625	6.2500	10	-25		
626	6.2600	11	-24		
627	6.2700	11	-24		
628	6.2800	11	-22		
629	6.2900	11	-21		
630	6.3000	11	-20		
631	6.3100	11	-18		
632	6.3200	11	-17		
633	6.3300	11	-15		
634	6.3400	11	-14		
635	6.3500	11	-12		
636	6.3600	11	-10		
637	6.3700	11	-8		
638	6.3800	11	-6		
639	6.3900	11	-4		
640	6.4000	11	-2		
641	6.4100	11	0		
642	6.4200	11	2		
643	6.4300	11	4		
644	6.4400	11	6		
645	6.4500	11	8		
646	6.4600	11	10		
647	6.4700	11	12		
648	6.4800	10	14		
649	6.4900	10	16		
650	6.5000	10	18		
651	6.5100	10	20		
652	6.5200	10	22		
653	6.5300	10	23		
654	6.5400	9	25		
655	6.5500	9	26		
656	6.5600	9	28		
657	6.5700	9	29		
658	6.5800	9	30		
659	6.5900	9	32		
660	6.6000	8	33		
661	6.6100	8	34		
662	6.6200	8	35		
663	6.6300	8	36		
664	6.6400	8	36		
665	6.6500	8	36		
666	6.6600	8	37		
667	6.6700	8	37		
668	6.6800	7	37		
669	6.6900	7	37		
670	6.7000	7	37		
671	6.7100	7	37		
672	6.7200	7	36		
673	6.7300	7	36		
674	6.7400	7	35		
675	6.7500	7	34		
676	6.7600	7	34		
677	6.7700	7	32		
678	6.7800	6	31		
679	6.7900	6	30		
680	6.8000	6	29		
681	6.8100	6	27		
682	6.8200	6	26		
683	6.8300	6	24		
684	6.8400	6	22		
685	6.8500	6	21		
686	6.8600	6	19		
687	6.8700	6	17		
688	6.8800	6	15		
689	6.8900	6	13		
690	6.9000	7	11		
691	6.9100	7	9		
692	6.9200	7	7		
693	6.9300	7	5		
694	6.9400	7	3		
695	6.9500	7	1		
696	6.9600	7	-1		
697	6.9700	7	-3		
698	6.9800	7	-5		
699	6.9900	7	-7		
700	7.0000	7	-9		
701	7.0100	7	-11		
702	7.0200	8	-12		
703	7.0300	8	-14		
704	7.0400	8	-16		
705	7.0500	8	-17		
706	7.0600	8	-19		
707	7.0700	8	-20		
708	7.0800	8	-22		
709	7.0900	8	-23		
710	7.1000	9	-24		
711	7.1100	9	-25		
712	7.1200	9	-26		
713	7.1300	9	-26		
714	7.1400	9	-27		
715	7.1500	9	-28		
716	7.1600	10	-28		
717	7.1700	10	-28		
718	7.1800	10	-28		
719	7.1900	10	-28		
720	7.2000	10	-28		
721	7.2100	10	-28		
722	7.2200	10	-28		
723	7.2300	10	-27		
724	7.2400	10	-26		
725	7.2500	10	-26		
726	7.2600	11	-24		
727	7.2700	11	-24		
728	7.2800	11	-22		
729	7.2900	11	-21		
730	7.3000	11	-20		
731	7.3100	11	-18		
732	7.3200	11	-17		
733	7.3300	11	-16		
734	7.3400	11	-14		
735	7.3500	11	-12		
736	7.3600	11	-10		
737	7.3700	11	-8		
738	7.3800	11	-6		
739	7.3900	11	-4		
740	7.4000	11	-2		
741	7.4100	11	0		
742	7.4200	11	2		
743	7.4300	11	4		
744	7.4400	11	6		
745	7.4500	11	8		
746	7.4600	11	10		
747	7.4700	11	12		
748	7.4800	10	14		
749	7.4900	10	16		
750	7.5000	10	18		
751	7.5100	10	19		
752	7.5200	10	21		
753	7.5300	10	23		
754	7.5400	10	24		
755	7.5500	9	26		
756	7.5600	9	28		
757	7.5700	9	29		
758	7.5800	9	30		
759	7.5900	9	32		
760	7.6000	8	32		
761	7.6100	8	34		
762	7.6200	8	34		
763	7.6300	8	35		
764	7.6400	8	36		
765	7.6500	8	36		
766	7.6600	8	37		
767	7.6700	8	37		
768	7.6800	7	37		
769	7.6900	7	37		
770	7.7000	7	37		
771	7.7100	7	37		
772	7.7200	7	36		
773	7.7300	7	36		
774	7.7400	7	35		
775	7.7500	7	34		
776	7.7600	7	34		
777	7.7700	7	33		
778	7.7800	6	32		
779	7.7900	6	30		
780	7.8000	6	29		
781	7.8100	6	28		
782	7.8200	6	26		
783	7.8300	6	24		
784	7.8400	6	23		
785	7.8500	6	21		
786	7.8600	6	19		
787	7.8700	6	18		
788	7.8800	6	16		
789	7.8900	6	14		
790	7.9000	6	12		
791	7.9100	7	10		
792	7.9200	7	8		
793	7.9300	7	6		
794	7.9400	7	4		
795	7.9500	7	2		
796	7.9600	7	0		
797	7.9700	7	-2		
798	7.9800	7	-4		
799	7.9900	7	-6		
800	8.0000	7	-8		
801	8.0100	7	-10		
802	8.0200	8	-12		
803	8.0300	8	-14		
804	8.0400	8	-16		
805	8.0500	8	-17		
806	8.0600	8	-18		
807	8.0700	8	-20		
808	8.0800	8	-21		
809	8.0900	8	-22		
810	8.1000	9	-24		
811	8.1100	9	-25		
812	8.1200	9	-26		
813	8.1300	9	-26		
814	8.1400	9	-27		
815	8.1500	9	-28		
816	8.1600	10	-28		
817	8.1700	10	-28		
818	8.1800	10	-28		
819	8.1900	10	-28		
820	8.2000	10	-28		
821	8.2100	10	-28		
822	8.2200	10	-28		
823	8.2300	10	-27		
824	8.2400	10	-26		
825	8.2500	10	-26		
826	8.2600	11	-25		
827	8.2700	11	-24		
828	8.2800	11	-23		
829	8.2900	11	-22		
830	8.3000	11	-20		
831	8.3100	11	-19		
832	8.3200	11	-18		
833	8.3300	11	-16		
834	8.3400	11	-14		
835	8.3500	11	-12		
836	8.3600	11	-11		
837	8.3700	11	-9		
838	8.3800	11	-7		
839	8.3900	11	-5		
840	8.4000	11	-3		
841	8.4100	11	-1		
842	8.4200	11	1		
843	8.4300	11	3		
844	8.4400	11	5		
845	8.4500	11	7		
846	8.4600	11	9		
847	8.4700	11	11		
848	8.4800	10	13		
849	8.4900	10	15		
850	8.5000	10	17		
851	8.5100	10	19		
852	8.5200	10	21		
853	8.5300	10	22		
854	8.5400	10	24		
855	8.5500	9	26		
856	8.5600	9	27		
857	8.5700	9	29		
858	8.5800	9	30		
859	8.5900	9	31		
860	8.6000	8	32		
861	8.6100	8	33		
862	8.6200	8	34		
863	8.6300	8	35		
864	8.6400	8	36		
865	8.6500	8	36		
866	8.6600	8	37		
867	8.6700	8	37		
868	8.6800	8	37		
869	8.6900	7	37		
870	8.7000	7	37		
871	8.7100	7	37		
872	8.7200	7	36		
873	8.7300	7	36		
874	8.7400	7	36		
875	8.7500	7	35		
876	8.7600	7	34		
877	8.7700	7	33		
878	8.7800	6	32		
879	8.7900	6	31		
880	8.8000	6	30		
881	8.8100	6	28		
882	8.8200	6	26		
883	8.8300	6	25		
884	8.8400	6	23		
885	8.8500	6	22		
886	8.8600	6	20		
887	8.8700	6	18		
888	8.8800	6	16		
889	8.8900	6	14		
890	8.9000	6	12		
891	8.9100	7	10		
892	8.9200	7	8		
893	8.9300	7	6		
894	8.9400	7	4		
895	8.9500	7	2		
896	8.9600	7	0		
897	8.9700	7	-2		
898	8.9800	7	-4		
899	8.9900	7	-6		
900	9.0000	7	-8		
901	9.0100	7	-10		
902	9.0200	7	-12		
903	9.0300	8	-14		
904	9.0400	8	-15		
905	9.0500	8	-17		
906	9.0600	8	-18		
907	9.0700	8	-20		
908	9.0800	8	-21		
909	9.0900	8	-22		
910	9.1000	8	-24		
911	9.1100	9	-24		
912	9.1200	9	-25		
913	9.1300	9	-26		
914	9.1400	9	-27		
915	9.1500	9	-27		
916	9.1600	9	-28		
917	9.1700	10	-28		
918	9.1800	10	-28		
919	9.1900	10	-28		
920	9.2000	10	-28		
921	9.2100	10	-28		
922	9.2200	10	-28		
923	9.2300	10	-27		
924	9.2400	10	-27		
925	9.2500	10	-26		
926	9.2600	10	-25		
927	9.2700	11	-24		
928	9.2800	11	-23		
929	9.2900	11	-22		
930	9.3000	11	-21		
931	9.3100	11	-20		
932	9.3200	11	-18		
933	9.3300	11	-16		
934	9.3400	11	-15		
935	9.3500	11	-13		
936	9.3600	11	-12		
937	9.3700	11	-10		
938	9.3800	11	-8		
939	9.3900	11	-6		
940	9.4000	11	-4		
941	9.4100	11	-2		
942	9.4200	11	0		
943	9.4300	11	2		
944	9.4400	11	4		
945	9.4500	11	6		
946	9.4600	11	8		
947	9.4700	11	10		
948	9.4800	10	12		
949	9.4900	10	14		
950	9.5000	10	16		
951	9.5100	10	18		
952	9.5200	10	20		
953	9.5300	10	22		
954	9.5400	10	24		
955	9.5500	9	25		
956	9.5600	9	27		
957	9.5700	9	28		
958	9.5800	9	30		
959	9.5900	9	31		
960	9.6000	9	32		
961	9.6100	8	33		
962	9.6200	8	34		
963	9.6300	8	35		
964	9.6400	8	36		
965	9.6500	8	36		
966	9.6600	8	36		
967	9.6700	8	37		
968	9.6800	8	37		
969	9.6900	7	37		
970	9.7000	7	37		
971	9.7100	7	37		
972	9.7200	7	36		
973	9.7300	7	36		
974	9.7400	7	36		
975	9.7500	7	35		
976	9.7600	7	34		
977	9.7700	7	33		
978	9.7800	7	32		
979	9.7900	6	31		
980	9.8000	6	30		
981	9.8100	6	28		
982	9.8200	6	27		
983	9.8300	6	26		
984	9.8400	6	24		
985	9.8500	6	22		
986	9.8600	6	20		
987	9.8700	6	18		
988	9.8800	6	17		
989	9.8900	6	15		
990	9.9000	6	13		
991	9.9100	7	11		
992	9.9200	7	9		
993	9.9300	7	7		
994	9.9400	7	5		
995	9.9500	7	2		
996	9.9600	7	0		
997	9.9700	7	-2		
998	9.9800	7	-4		
999	9.9900	7	-6		
1000	10.0000	7	-7		
1001	10.0100	7	-9		
1002	10.0200	7	-11		
1003	10.0300	8	-13		
1004	10.0400	8	-14		
1005	10.0500	8	-16		
1006	10.0600	8	-18		
1007	10.0700	8	-19		
1008	10.0800	8	-20		
1009	10.0900	8	-22		
1010	10.1000	8	-23		
1011	10.1100	9	-24		
1012	10.1200	9	-25		
1013	10.1300	9	-26		
1014	10.1400	9	-26		
1015	10.1500	9	-27		
1016	10.1600	9	-28		
1017	10.1700	10	-28		
1018	10.1800	10	-28		
1019	10.1900	10	-28		
1020	10.2000	10	-28		
1021	10.2100	10	-28		
1022	10.2200	10	-28		
1023	10.2300	10	-28		
1024	10.2400	10	-27		
1025	10.2500	10	-26		
1026	10.2600	10	-26		
1027	10.2700	11	-24		
1028	10.2800	11	-24		
1029	10.2900	11	-22		
1030	10.3000	11	-21		
1031	10.3100	11	-20		
1032	10.3200	11	-18		
1033	10.3300	11	-17		
1034	10.3400	11	-15		
1035	10.3500	11	-14		
1036	10.3600	11	-12		
1037	10.3700	11	-10		
1038	10.3800	11	-8		
1039	10.3900	11	-6		
1040	10.4000	11	-4		
1041	10.4100	11	-2		
1042	10.4200	11	0		
1043	10.4300	11	2		
1044	10.4400	11	4		
1045	10.4500	11	6		
1046	10.4600	11	8		
1047	10.4700	11	10		
1048	10.4800	10	12		
1049	10.4900	10	14		
1050	10.5000	10	16		
1051	10.5100	10	18		
1052	10.5200	10	20		
1053	10.5300	10	22		
1054	10.5400	10	23		
1055	10.5500	9	25		
1056	10.5600	9	26		
1057	10.5700	9	28		
1058	10.5800	9	29		
1059	10.5900	9	30		
1060	10.6000	9	32		
1061	10.6100	8	33		
1062	10.6200	8	34		
1063	10.6300	8	34		
1064	10.6400	8	35		
1065	10.6500	8	36		
1066	10.6600	8	36		
1067	10.6700	8	37		
1068	10.6800	8	37		
1069	10.6900	7	37		
1070	10.7000	7	37		
1071	10.7100	7	37		
1072	10.7200	7	37		
1073	10.7300	7	36		
1074	10.7400	7	36		
1075	10.7500	7	35		
1076	10.7600	7	34		
1077	10.7700	7	34		
1078	10.7800	7	32		
1079	10.7900	6	32		
1080	10.8000	6	30		
1081	10.8100	6	29		
1082	10.8200	6	28		
1083	10.8300	6	26		
1084	10.8400	6	24		
1085	10.8500	6	22		
1086	10.8600	6	21		
1087	10.8700	6	19		
1088	10.8800	6	17		
1089	10.8900	6	15		
1090	10.9000	6	13		
1091	10.9100	7	11		
1092	10.9200	7	9		
1093	10.9300	7	7		
1094	10.9400	7	5		
1095	10.9500	7	3		
1096	10.9600	7	1		
1097	10.9700	7	-1		
1098	10.9800	7	-3		
1099	10.9900	7	-5		
1100	11.0000	7	-7		
1101	11.0100	7	-9		
1102	11.0200	7	-10		
1103	11.0300	8	-12		
1104	11.0400	8	-14		
1105	11.0500	8	-16		
1106	11.0600	8	-17		
1107	11.0700	8	-19		
1108	11.0800	8	-20		
1109	11.0900	8	-22		
1110	11.1000	8	-23		
1111	11.1100	9	-24		
1112	11.1200	9	-25		
1113	11.1300	9	-26		
1114	11.1400	9	-26		
1115	11.1500	9	-27		
1116	11.1600	9	-28		
1117	11.1700	10	-28		
1118	11.1800	10	-28		
1119	11.1900	10	-28		
1120	11.2000	10	-28		
1121	11.2100	10	-28		
1122	11.2200	10	-28		
1123	11.2300	10	-28		
1124	11.2400	10	-27		
1125	11.2500	10	-26		
1126	11.2600	10	-26		
1127	11.2700	11	-25		
1128	11.2800	11	-24		
1129	11.2900	11	-23		
1130	11.3000	11	-22		
1131	11.3100	11	-20		
1132	11.3200	11	-19		
1133	11.3300	11	-17		
1134	11.3400	11	-16		
1135	11.3500	11	-14		
1136	11.3600	11	-12		
1137	11.3700	11	-10		
1138	11.3800	11	-9		
1139	11.3900	11	-7		
1140	11.4000	11	-5		
1141	11.4100	11	-3		
1142	11.4200	11	-1		
1143	11.4300	11	1		
1144	11.4400	11	3		
1145	11.4500	11	5		
1146	11.4600	11	8		
1147	11.4700	11	10		
1148	11.4800	11	12		
1149	11.4900	10	14		
1150	11.5000	10	15		
1151	11.5100	10	17		
1152	11.5200	10	19		
1153	11.5300	10	21		
1154	11.5400	10	23		
1155	11.5500	9	24		
1156	11.5600	9	26		
1157	11.5700	9	28		
1158	11.5800	9	29		
1159	11.5900	9	30		
1160	11.6000	9	32		
1161	11.6100	8	32		
1162	11.6200	8	34		
1163	11.6300	8	34		
1164	11.6400	8	35		
1165	11.6500	8	36		
1166	11.6600	8	36		
1167	11.6700	8	37		
1168	11.6800	8	37		
1169	11.6900	7	37		
1170	11.7000	7	37		
1171	11.7100	7	37		
1172	11.7200	7	37		
1173	11.7300	7	36		
1174	11.7400	7	36		
1175	11.7500	7	35		
1176	11.7600	7	34		
1177	11.7700	7	34		
1178	11.7800	7	33		
1179	11.7900	6	32		
1180	11.8000	6	30		
1181	11.8100	6	29		
1182	11.8200	6	28		
1183	11.8300	6	26		
1184	11.8400	6	25		
1185	11.8500	6	23		
1186	11.8600	6	21		
1187	11.8700	6	20		
1188	11.8800	6	18		
1189	11.8900	6	16		
1190	11.9000	6	14		
1191	11.9100	7	12		
1192	11.9200	7	10		
1193	11.9300	7	8		
1194	11.9400	7	6		
1195	11.9500	7	4		
1196	11.9600	7	2		
1197	11.9700	7	0		
1198	11.9800	7	-2		
1199	11.9900	7	-4		
1200	12.0000	7	-6		
1201	12.0100	7	-8		
1202	12.0200	7	-10		
1203	12.0300	8	-12		
1204	12.0400	8	-14		
1205	12.0500	8	-15		
1206	12.0600	8	-17		
1207	12.0700	8	-18		
1208	12.0800	8	-20		
1209	12.0900	8	-21		
1210	12.1000	8	-22		
1211	12.1100	9	-24		
1212	12.1200	9	-24		
1213	12.1300	9	-26		
1214	12.1400	9	-26		
1215	12.1500	9	-27		
1216	12.1600	9	-27		
1217	12.1700	10	-28		
1218	12.1800	10	-28		
1219	12.1900	10	-28		
1220	12.2000	10	-28		
1221	12.2100	10	-28		
1222	12.2200	10	-28		
1223	12.2300	10	-28		
1224	12.2400	10	-27		
1225	12.2500	10	-26		
1226	12.2600	10	-26		
1227	12.2700	11	-25		
1228	12.2800	11	-24		
1229	12.2900	11	-23		
1230	12.3000	11	-22		
1231	12.3100	11	-20		
1232	12.3200	11	-19		
1233	12.3300	11	-18		
1234	12.3400	11	-16		
1235	12.3500	11	-14		
1236	12.3600	11	-13		
1237	12.3700	11	-11		
1238	12.3800	11	-9		
1239	12.3900	11	-7		
1240	12.4000	11	-5		
1241	12.4100	11	-3		
1242	12.4200	11	-1		
1243	12.4300	11	1		
1244	12.4400	11	3		
1245	12.4500	11	5		
1246	12.4600	11	7		
1247	12.4700	11	9		
1248	12.4800	11	11		
1249	12.4900	10	13		
1250	12.5000	10	15		
1251	12.5100	10	17		
1252	12.5200	10	19		
1253	12.5300	10	20		
1254	12.5400	10	22		
1255	12.5500	10	24		
1256	12.5600	9	26		
1257	12.5700	9	27		
1258	12.5800	9	28		
1259	12.5900	9	30		
1260	12.6000	9	31		
1261	12.6100	8	32		
1262	12.6200	8	33		
1263	12.6300	8	34		
1264	12.6400	8	35		
1265	12.6500	8	36		
1266	12.6600	8	36		
1267	12.6700	8	37		
1268	12.6800	8	37		
1269	12.6900	7	37		
1270	12.7000	7	37		
1271	12.7100	7	37		
1272	12.7200	7	37		
1273	12.7300	7	36		
1274	12.7400	7	36		
1275	12.7500	7	36		
1276	12.7600	7	35		
1277	12.7700	7	34		
1278	12.7800	7	33		
1279	12.7900	6	32		
1280	12.8000	6	31		
1281	12.8100	6	30		
1282	12.8200	6	28		
1283	12.8300	6	27		
1284	12.8400	6	25		
1285	12.8500	6	24		
1286	12.8600	6	22		
1287	12.8700	6	20		
1288	12.8800	6	18		
1289	12.8900	6	16		
1290	12.9000	6	14		
1291	12.9100	6	12		
1292	12.9200	7	10		
1293	12.9300	7	8		
1294	12.9400	7	6		
1295	12.9500	7	4		
1296	12.9600	7	2		
1297	12.9700	7	0		
1298	12.9800	7	-2		
1299	12.9900	7	-4		
1300	13.0000	7	-6		
1301	13.0100	7	-8		
1302	13.0200	7	-10		
1303	13.0300	8	-12		
1304	13.0400	8	-13		
1305	13.0500	8	-15		
1306	13.0600	8	-16		
1307	13.0700	8	-18		
1308	13.0800	8	-20		
1309	13.0900	8	-21		
1310	13.1000	8	-22		
1311	13.1100	9	-23		
1312	13.1200	9	-24		
1313	13.1300	9	-25		
1314	13.1400	9	-26		
1315	13.1500	9	-26		
1316	13.1600	9	-27		
1317	13.1700	10	-28		
1318	13.1800	10	-28		
1319	13.1900	10	-28		
1320	13.2000	10	-28		
1321	13.2100	10	-28		
1322	13.2200	10	-28		
1323	13.2300	10	-28		
1324	13.2400	10	-27		
1325	13.2500	10	-26		
1326	13.2600	10	-26		
1327	13.2700	11	-25		
1328	13.2800	11	-24		
1329	13.2900	11	-23		
1330	13.3000	11	-22		
1331	13.3100	11	-21		
1332	13.3200	11	-19		
1333	13.3300	11	-18		
1334	13.3400	11	-16		
1335	13.3500	11	-15		
1336	13.3600	11	-13		
1337	13.3700	11	-11		
1338	13.3800	11	-10		
1339	13.3900	11	-8		
1340	13.4000	11	-6		
1341	13.4100	11	-4		
1342	13.4200	11	-2		
1343	13.4300	11	0		
1344	13.4400	11	2		
1345	13.4500	11	4		
1346	13.4600	11	6		
1347	13.4700	11	8		
1348	13.4800	11	10		
1349	13.4900	10	12		
1350	13.5000	10	14		
1351	13.5100	10	16		
1352	13.5200	10	18		
1353	13.5300	10	20		
1354	13.5400	10	22		
1355	13.5500	10	24		
1356	13.5600	9	25		
1357	13.5700	9	27		
1358	13.5800	9	28		
1359	13.5900	9	30		
1360	13.6000	9	31		
1361	13.6100	8	32		
1362	13.6200	8	33		
1363	13.6300	8	34		
1364	13.6400	8	35		
1365	13.6500	8	36		
1366	13.6600	8	36		
1367	13.6700	8	36		
1368	13.6800	8	37		
1369	13.6900	8	37		
1370	13.7000	7	37		
1371	13.7100	7	37		
1372	13.7200	7	37		
1373	13.7300	7	37		
1374	13.7400	7	36		
1375	13.7500	7	36		
1376	13.7600	7	35		
1377	13.7700	7	34		
1378	13.7800	7	33		
1379	13.7900	6	32		
1380	13.8000	6	31		
1381	13.8100	6	30		
1382	13.8200	6	28		
1383	13.8300	6	27		
1384	13.8400	6	26		
1385	13.8500	6	24		
1386	13.8600	6	22		
1387	13.8700	6	20		
1388	13.8800	6	18		
1389	13.8900	6	17		
1390	13.9000	6	15		
1391	13.9100	6	13		
1392	13.9200	7	11		
1393	13.9300	7	9		
1394	13.9400	7	7		
1395	13.9500	7	5		
1396	13.9600	7	3		
1397	13.9700	7	1		
1398	13.9800	7	-1		
1399	13.9900	7	-3		
1400	14.0000	7	-5		
1401	14.0100	7	-7		
1402	14.0200	7	-9		
1403	14.0300	8	-11		
1404	14.0400	8	-13		
1405	14.0500	8	-14		
1406	14.0600	8	-16		
1407	14.0700	8	-18		
1408	14.0800	8	-19		
1409	14.0900	8	-20		
1410	14.1000	8	-22		
1411	14.1100	8	-23		
1412	14.1200	9	-24		
1413	14.1300	9	-25		
1414	14.1400	9	-26		
1415	14.1500	9	-26		
1416	14.1600	9	-27		
1417	14.1700	10	-28		
1418	14.1800	10	-28		
1419	14.1900	10	-28		
1420	14.2000	10	-28		
1421	14.2100	10	-28		
1422	14.2200	10	-28		
1423	14.2300	10	-28		
1424	14.2400	10	-27		
1425	14.2500	10	-27		
1426	14.2600	10	-26		
1427	14.2700	11	-25		
1428	14.2800	11	-24		
1429	14.2900	11	-24		
1430	14.3000	11	-22		
1431	14.3100	11	-21		
1432	14.3200	11	-20		
1433	14.3300	11	-18		
1434	14.3400	11	-17		
1435	14.3500	11	-15		
1436	14.3600	11	-14		
1437	14.3700	11	-12		
1438	14.3800	11	-10		
1439	14.3900	11	-8		
1440	14.4000	11	-6		
1441	14.4100	11	-4		
1442	14.4200	11	-2		
1443	14.4300	11	0		
1444	14.4400	11	2		
1445	14.4500	11	4		
1446	14.4600	11	6		
1447	14.4700	11	8		
1448	14.4800	11	10		
1449	14.4900	10	12		
1450	14.5000	10	14		
1451	14.5100	10	16		
1452	14.5200	10	18		
1453	14.5300	10	20		
1454	14.5400	10	22		
1455	14.5500	10	23		
1456	14.5600	9	25		
1457	14.5700	9	26		
1458	14.5800	9	28		
1459	14.5900	9	29		
1460	14.6000	9	30		
1461	14.6100	8	32		
1462	14.6200	8	33		
1463	14.6300	8	34		
1464	14.6400	8	34		
1465	14.6500	8	35		
1466	14.6600	8	36		
1467	14.6700	8	36		
1468	14.6800	8	37		
1469	14.6900	8	37		
1470	14.7000	7	37		
1471	14.7100	7	37		
1472	14.7200	7	37		
1473	14.7300	7	37		
1474	14.7400	7	36		
1475	14.7500	7	36		
1476	14.7600	7	35		
1477	14.7700	7	34		
1478	14.7800	7	34		
1479	14.7900	7	32		
1480	14.8000	6	32		
1481	14.8100	6	30		
1482	14.8200	6	29		
1483	14.8300	6	28		
1484	14.8400	6	26		
1485	14.8500	6	24		
1486	14.8600	6	23		
1487	14.8700	6	21		
1488	14.8800	6	19		
1489	14.8900	6	17		
1490	14.9000	6	15		
1491	14.9100	6	13		
1492	14.9200	7	12		
1493	14.9300	7	10		
1494	14.9400	7	7		
1495	14.9500	7	5		
1496	14.9600	7	3		
1497	14.9700	7	1		
1498	14.9800	7	-1		
1499	14.9900	7	-3		
1500	15.0000	7	-5		
1501	15.0100	7	-7		
1502	15.0200	7	-9		
1503	15.0300	7	-10		
1504	15.0400	8	-12		
1505	15.0500	8	-14		
1506	15.0600	8	-16		
1507	15.0700	8	-17		
1508	15.0800	8	-19		
1509	15.0900	8	-20		
1510	15.1000	8	-21		
1511	15.1100	8	-22		
1512	15.1200	9	-24		
1513	15.1300	9	-25		
1514	15.1400	9	-26		
1515	15.1500	9	-26		
1516	15.1600	9	-27		
1517	15.1700	9	-27		
1518	15.1800	10	-28		
1519	15.1900	10	-28		
1520	15.2000	10	-28		
1521	15.2100	10	-28		
1522	15.2200	10	-28		
1523	15.2300	10	-28		
1524	15.2400	10	-28		
1525	15.2500	10	-27		
1526	15.2600	10	-26		
1527	15.2700	11	-26		
1528	15.2800	11	-24		
1529	15.2900	11	-24		
1530	15.3000	11	-22		
1531	15.3100	11	-21		
1532	15.3200	11	-20		
1533	15.3300	11	-18		
1534	15.3400	11	-17		
1535	15.3500	11	-16		
1536	15.3600	11	-14		
1537	15.3700	11	-12		
1538	15.3800	11	-10		
1539	15.3900	11	-8		
1540	15.4000	11	-7		
1541	15.4100	11	-5		
1542	15.4200	11	-3		
1543	15.4300	11	-1		
1544	15.4400	11	1		
1545	15.4500	11	3		
1546	15.4600	11	5		
1547	15.4700	11	8		
1548	15.4800	11	10		
1549	15.4900	10	12		
1550	15.5000	10	14		
1551	15.5100	10	16		
1552	15.5200	10	17		
1553	15.5300	10	19		
1554	15.5400	10	21		
1555	15.5500	10	23		
1556	15.5600	9	24		
1557	15.5700	9	26		
1558	15.5800	9	28		
1559	15.5900	9	29		
1560	15.6000	9	30		
1561	15.6100	9	32		
1562	15.6200	8	32		
1563	15.6300	8	34		
1564	15.6400	8	34		
1565	15.6500	8	35		
1566	15.6600	8	36		
1567	15.6700	8	36		
1568	15.6800	8	37		
1569	15.6900	8	37		
1570	15.7000	7	37		
1571	15.7100	7	37		
1572	15.7200	7	37		
1573	15.7300	7	37		
1574	15.7400	7	36		
1575	15.7500	7	36		
1576	15.7600	7	35		
1577	15.7700	7	34		
1578	15.7800	7	34		
1579	15.7900	7	33		
1580	15.8000	6	32		
1581	15.8100	6	30		
1582	15.8200	6	29		
1583	15.8300	6	28		
1584	15.8400	6	26		
1585	15.8500	6	25		
1586	15.8600	6	23		
1587	15.8700	6	21		
1588	15.8800	6	20		
1589	15.8900	6	18		
1590	15.9000	6	16		
1591	15.9100	6	14		
1592	15.9200	7	12		
1593	15.9300	7	10		
1594	15.9400	7	8		
1595	15.9500	7	6		
1596	15.9600	7	4		
1597	15.9700	7	2		
1598	15.9800	7	0		
1599	15.9900	7	-2		
1600	16.0000	7	-4		
1601	16.0100	7	-6		
1602	16.0200	7	-8		
1603	16.0300	7	-10		
1604	16.0400	8	-12		
1605	16.0500	8	-14		
1606	16.0600	8	-15		
1607	16.0700	8	-17		
1608	16.0800	8	-18		
1609	16.0900	8	-20		
1610	16.1000	8	-21		
1611	16.1100	8	-22		
1612	16.1200	9	-23		
1613	16.1300	9	-24		
1614	16.1400	9	-25		
1615	16.1500	9	-26		
1616	16.1600	9	-27		
1617	16.1700	9	-27		
1618	16.1800	10	-28		
1619	16.1900	10	-28		
1620	16.2000	10	-28		
1621	16.2100	10	-28		
1622	16.2200	10	-28		
1623	16.2300	10	-28		
1624	16.2400	10	-28		
1625	16.2500	10	-27		
1626	16.2600	10	-26		
1627	16.2700	11	-26		
1628	16.2800	11	-25		
1629	16.2900	11	-24		
1630	16.3000	11	-23		
1631	16.3100	11	-22		
1632	16.3200	11	-20		
1633	16.3300	11	-19		
1634	16.3400	11	-18		
1635	16.3500	11	-16		
1636	16.3600	11	-14		
1637	16.3700	11	-13		
1638	16.3800	11	-11		
1639	16.3900	11	-9		
1640	16.4000	11	-7		
1641	16.4100	11	-5		
1642	16.4200	11	-3		
1643	16.4300	11	-1		
1644	16.4400	11	1		
1645	16.4500	11	3		
1646	16.4600	11	5		
1647	16.4700	11	7		
1648	16.4800	11	9		
1649	16.4900	10	11		
1650	16.5000	10	13		
1651	16.5100	10	15		
1652	16.5200	10	17		
1653	16.5300	10	19		
1654	16.5400	10	20		
1655	16.5500	10	22		
1656	16.5600	9	24		
1657	16.5700	9	26		
1658	16.5800	9	27		
1659	16.5900	9	28		
1660	16.6000	9	30		
1661	16.6100	9	31		
1662	16.6200	8	32		
1663	16.6300	8	33		
1664	16.6400	8	34		
1665	16.6500	8	35		
1666	16.6600	8	36		
1667	16.6700	8	36		
1668	16.6800	8	36		
1669	16.6900	8	37		
1670	16.7000	7	37		
1671	16.7100	7	37		
1672	16.7200	7	37		
1673	16.7300	7	37		
1674	16.7400	7	36		
1675	16.7500	7	36		
1676	16.7600	7	35		
1677	16.7700	7	35		
1678	16.7800	7	34		
1679	16.7900	7	33		
1680	16.8000	6	32		
1681	16.8100	6	31		
1682	16.8200	6	30		
1683	16.8300	6	28		
1684	16.8400	6	26		
1685	16.8500	6	25		
1686	16.8600	6	24		
1687	16.8700	6	22		
1688	16.8800	6	20		
1689	16.8900	6	18		
1690	16.9000	6	16		
1691	16.9100	6	14		
1692	16.9200	7	12		
1693	16.9300	7	10		
1694	16.9400	7	8		
1695	16.9500	7	6		
1696	16.9600	7	4		
1697	16.9700	7	2		
1698	16.9800	7	0		
1699	16.9900	7	-2		
1700	17.0000	7	-4		
1701	17.0100	7	-6		
1702	17.0200	7	-8		
1703	17.0300	7	-10		
1704	17.0400	8	-11		
1705	17.0500	8	-13		
1706	17.0600	8	-15		
1707	17.0700	8	-16		
1708	17.0800	8	-18		
1709	17.0900	8	-19		
1710	17.1000	8	-21		
1711	17.1100	8	-22		
1712	17.1200	9	-23		
1713	17.1300	9	-24		
1714	17.1400	9	-25		
1715	17.1500	9	-26		
1716	17.1600	9	-26		
1717	17.1700	9	-27		
1718	17.1800	10	-28		
1719	17.1900	10	-28		
1720	17.2000	10	-28		
1721	17.2100	10	-28		
1722	17.2200	10	-28		
1723	17.2300	10	-28		
1724	17.2400	10	-28		
1725	17.2500	10	-27		
1726	17.2600	10	-26		
1727	17.2700	11	-26		
1728	17.2800	11	-25		
1729	17.2900	11	-24		
1730	17.3000	11	-23		
1731	17.3100	11	-22		
1732	17.3200	11	-20		
1733	17.3300	11	-19		
1734	17.3400	11	-18		
1735	17.3500	11	-16		
1736	17.3600	11	-15		
1737	17.3700	11	-13		
1738	17.3800	11	-11		
1739	17.3900	11	-10		
1740	17.4000	11	-8		
1741	17.4100	11	-6		
1742	17.4200	11	-4		
1743	17.4300	11	-2		
1744	17.4400	11	0		
1745	17.4500	11	2		
1746	17.4600	11	4		
1747	17.4700	11	6		
1748	17.4800	11	8		
1749	17.4900	11	10		
1750	17.5000	10	12		
1751	17.5100	10	14		
1752	17.5200	10	16		
1753	17.5300	10	18		
1754	17.5400	10	20		
1755	17.5500	10	22		
1756	17.5600	9	24		
1757	17.5700	9	25		
1758	17.5800	9	26		
1759	17.5900	9	28		
1760	17.6000	9	30		
1761	17.6100	9	31		
1762	17.6200	8	32		
1763	17.6300	8	33		
1764	17.6400	8	34		
1765	17.6500	8	35		
1766	17.6600	8	35		
1767	17.6700	8	36		
1768	17.6800	8	36		
1769	17.6900	8	37		
1770	17.7000	7	37		
1771	17.7100	7	37		
1772	17.7200	7	37		
1773	17.7300	7	37		
1774	17.7400	7	36		
1775	17.7500	7	36		
1776	17.7600	7	36		
1777	17.7700	7	35		
1778	17.7800	7	34		
1779	17.7900	7	33		
1780	17.8000	6	32		
1781	17.8100	6	31		
1782	17.8200	6	30		
1783	17.8300	6	28		
1784	17.8400	6	27		
1785	17.8500	6	25		
1786	17.8600	6	24		
1787	17.8700	6	22		
1788	17.8800	6	20		
1789	17.8900	6	18		
1790	17.9000	6	17		
1791	17.9100	6	15		
1792	17.9200	7	13		
1793	17.9300	7	11		
1794	17.9400	7	9		
1795	17.9500	7	7		
1796	17.9600	7	5		
1797	17.9700	7	3		
1798	17.9800	7	1		
1799	17.9900	7	-1		
1800	18.0000	7	-3		
1801	18.0100	7	-5		
1802	18.0200	7	-7		
1803	18.0300	7	-9		
1804	18.0400	8	-11		
1805	18.0500	8	-13		
1806	18.0600	8	-14		
1807	18.0700	8	-16		
1808	18.0800	8	-18		
1809	18.0900	8	-19		
1810	18.1000	8	-20		
1811	18.1100	8	-22		
1812	18.1200	9	-23		
1813	18.1300	9	-24		
1814	18.1400	9	-25		
1815	18.1500	9	-26		
1816	18.1600	9	-26		
1817	18.1700	9	-27		
1818	18.1800	10	-28		
1819	18.1900	10	-28		
1820	18.2000	10	-28		
1821	18.2100	10	-28		
1822	18.2200	10	-28		
1823	18.2300	10	-28		
1824	18.2400	10	-28		
1825	18.2500	10	-27		
1826	18.2600	10	-27		
1827	18.2700	11	-26		
1828	18.2800	11	-26		
1829	18.2900	11	-24		
1830	18.3000	11	-24		
1831	18.3100	11	-22		
1832	18.3200	11	-21		
1833	18.3300	11	-20		
1834	18.3400	11	-18		
1835	18.3500	11	-17		
1836	18.3600	11	-15		
1837	18.3700	11	-14		
1838	18.3800	11	-12		
1839	18.3900	11	-10		
1840	18.4000	11	-8		
1841	18.4100	11	-6		
1842	18.4200	11	-4		
1843	18.4300	11	-2		
1844	18.4400	11	0		
1845	18.4500	11	2		
1846	18.4600	11	4		
1847	18.4700	11	6		
1848	18.4800	11	8		
1849	18.4900	11	10		
1850	18.5000	10	12		
1851	18.5100	10	14		
1852	18.5200	10	16		
1853	18.5300	10	18		
1854	18.5400	10	20		
1855	18.5500	10	22		
1856	18.5600	10	24		
1857	18.5700	9	25		
1858	18.5800	9	26		
1859	18.5900	9	28		
1860	18.6000	9	30		
1861	18.6100	9	31		
1862	18.6200	8	32		
1863	18.6300	8	33		
1864	18.6400	8	34		
1865	18.6500	8	35		
1866	18.6600	8	36		
1867	18.6700	8	36		
1868	18.6800	8	37		
1869	18.6900	8	37		
1870	18.7000	7	37		
1871	18.7100	7	37		
1872	18.7200	7	37		
1873	18.7300	7	37		
1874	18.7400	7	37		
1875	18.7500	7	36		
1876	18.7600	7	36		
1877	18.7700	7	35		
1878	18.7800	7	34		
1879	18.7900	7	34		
1880	18.8000	6	32		
1881	18.8100	6	32		
1882	18.8200	6	30		
1883	18.8300	6	29		
1884	18.8400	6	28		
1885	18.8500	6	26		
1886	18.8600	6	24		
1887	18.8700	6	22		
1888	18.8800	6	21		
1889	18.8900	6	19		
1890	18.9000	6	17		
1891	18.9100	6	15		
1892	18.9200	6	13		
1893	18.9300	7	11		
1894	18.9400	7	9		
1895	18.9500	7	7		
1896	18.9600	7	5		
1897	18.9700	7	3		
1898	18.9800	7	1		
1899	18.9900	7	-1		
1900	19.0000	7	-3		
1901	19.0100	7	-5		
1902	19.0200	7	-7		
1903	19.0300	7	-9		
1904	19.0400	8	-11		
1905	19.0500	8	-12		
1906	19.0600	8	-14		
1907	19.0700	8	-16		
1908	19.0800	8	-17		
1909	19.0900	8	-19		
1910	19.1000	8	-20		
1911	19.1100	8	-22		
1912	19.1200	9	-23		
1913	19.1300	9	-24		
1914	19.1400	9	-25		
1915	19.1500	9	-26		
1916	19.1600	9	-26		
1917	19.1700	9	-27		
1918	19.1800	10	-28		
1919	19.1900	10	-28		
1920	19.2000	10	-28		
1921	19.2100	10	-28		
1922	19.2200	10	-28		
1923	19.2300	10	-28		
1924	19.2400	10	-28		
1925	19.2500	10	-28		
1926	19.2600	10	-27		
1927	19.2700	10	-26		
1928	19.2800	11	-26		
1929	19.2900	11	-25		
1930	19.3000	11	-24		
1931	19.3100	11	-22		
1932	19.3200	11	-22		
1933	19.3300	11	-20		
1934	19.3400	11	-19		
1935	19.3500	11	-17		
1936	19.3600	11	-16		
1937	19.3700	11	-14		
1938	19.3800	11	-12		
1939	19.3900	11	-10		
1940	19.4000	11	-8		
1941	19.4100	11	-6		
1942	19.4200	11	-5		
1943	19.4300	11	-3		
1944	19.4400	11	-1		
1945	19.4500	11	2		
1946	19.4600	11	4		
1947	19.4700	11	6		
1948	19.4800	11	8		
1949	19.4900	11	10		
1950	19.5000	10	12		
1951	19.5100	10	14		
1952	19.5200	10	16		
1953	19.5300	10	18		
1954	19.5400	10	19		
1955	19.5500	10	21		
1956	19.5600	10	23		
1957	19.5700	9	24		
1958	19.5800	9	26		
1959	19.5900	9	28		
1960	19.6000	9	29		
1961	19.6100	9	30		
1962	19.6200	8	32		
1963	19.6300	8	33		
1964	19.6400	8	34		
1965	19.6500	8	34		
1966	19.6600	8	35		
1967	19.6700	8	36		
1968	19.6800	8	36		
1969	19.6900	8	37		
1970	19.7000	7	37		
1971	19.7100	7	37		
1972	19.7200	7	37		
1973	19.7300	7	37		
1974	19.7400	7	37		
1975	19.7500	7	36		
1976	19.7600	7	36		
1977	19.7700	7	35		
1978	19.7800	7	34		
1979	19.7900	7	34		
1980	19.8000	6	33		
1981	19.8100	6	32		
1982	19.8200	6	30		
1983	19.8300	6	29		
1984	19.8400	6	28		
1985	19.8500	6	26		
1986	19.8600	6	25		
1987	19.8700	6	23		
1988	19.8800	6	21		
1989	19.8900	6	20		
1990	19.9000	6	18		
1991	19.9100	6	16		
1992	19.9200	6	14		
1993	19.9300	7	12		
1994	19.9400	7	10		
1995	19.9500	7	8		
1996	19.9600	7	6		
1997	19.9700	7	4		
1998	19.9800	7	2		
1999	19.9900	7	0		
2000	20.0000	7	-2		
