#	time(s)	count A	count B	count C	count D
1	0.0100	-6	-11		
2	0.0200	-6	-11		
3	0.0300	-5	-10		
4	0.0400	-5	-10		
5	0.0500	-5	-9		
6	0.0600	-5	-8		
7	0.0700	-4	-7		
8	0.0800	-4	-6		
9	0.0900	-4	-6		
10	0.1000	-4	-5		
11	0.1100	-4	-4		
12	0.1200	-4	-3		
13	0.1300	-4	-2		
14	0.1400	-3	-2		
15	0.1500	-3	-1		
16	0.1600	-3	0		
17	0.1700	-2	1		
18	0.1800	-2	2		
19	0.1900	-2	2		
20	0.2000	-2	3		
21	0.2100	-2	4		
22	0.2200	-2	5		
23	0.2300	-2	6		
24	0.2400	-2	6		
25	0.2500	-1	7		
26	0.2600	-1	8		
27	0.2700	-1	8		
28	0.2800	-1	9		
29	0.2900	-1	10		
30	0.3000	-1	10		
31	0.3100	-1	10		
32	0.3200	-1	11		
33	0.3300	0	12		
34	0.3400	0	12		
35	0.3500	0	12		
36	0.3600	0	12		
37	0.3700	0	12		
38	0.3800	0	13		
39	0.3900	0	13		
40	0.4000	0	13		
41	0.4100	0	13		
42	0.4200	0	13		
43	0.4300	0	13		
44	0.4400	-1	13		
45	0.4500	-1	13		
46	0.4600	-1	12		
47	0.4700	-1	12		
48	0.4800	-1	12		
49	0.4900	-1	12		
50	0.5000	-2	11		
51	0.5100	-2	11		
52	0.5200	-2	10		
53	0.5300	-2	10		
54	0.5400	-2	10		
55	0.5500	-2	9		
56	0.5600	-2	8		
57	0.5700	-2	8		
58	0.5800	-3	7		
59	0.5900	-3	6		
60	0.6000	-3	6		
61	0.6100	-4	5		
62	0.6200	-4	4		
63	0.6300	-4	3		
64	0.6400	-4	2		
65	0.6500	-4	2		
66	0.6600	-4	1		
67	0.6700	-5	0		
68	0.6800	-5	-1		
69	0.6900	-5	-2		
70	0.7000	-5	-2		
71	0.7100	-6	-4		
72	0.7200	-6	-4		
73	0.7300	-6	-5		
74	0.7400	-6	-6		
75	0.7500	-6	-6		
76	0.7600	-6	-7		
77	0.7700	-6	-8		
78	0.7800	-6	-9		
79	0.7900	-7	-10		
80	0.8000	-7	-10		
81	0.8100	-7	-11		
82	0.8200	-7	-12		
83	0.8300	-7	-12		
84	0.8400	-7	-12		
85	0.8500	-7	-13		
86	0.8600	-8	-14		
87	0.8700	-8	-14		
88	0.8800	-8	-14		
89	0.8900	-8	-14		
90	0.9000	-8	-15		
91	0.9100	-8	-15		
92	0.9200	-8	-15		
93	0.9300	-8	-16		
94	0.9400	-8	-16		
95	0.9500	-8	-16		
96	0.9600	-7	-16		
97	0.9700	-7	-16		
98	0.9800	-7	-16		
99	0.9900	-7	-15		
100	1.0000	-7	-15		
101	1.0100	-7	-15		
102	1.0200	-7	-14		
103	1.0300	-6	-14		
104	1.0400	-6	-14		
105	1.0500	-6	-14		
106	1.0600	-6	-13		
107	1.0700	-6	-12		
108	1.0800	-6	-12		
109	1.0900	-6	-12		
110	1.1000	-6	-11		
111	1.1100	-5	-10		
112	1.1200	-5	-10		
113	1.1300	-5	-9		
114	1.1400	-5	-8		
115	1.1500	-4	-7		
116	1.1600	-4	-6		
117	1.1700	-4	-6		
118	1.1800	-4	-5		
119	1.1900	-4	-4		
120	1.2000	-4	-3		
121	1.2100	-4	-2		
122	1.2200	-3	-2		
123	1.2300	-3	-1		
124	1.2400	-3	0		
125	1.2500	-2	1		
126	1.2600	-2	2		
127	1.2700	-2	2		
128	1.2800	-2	3		
129	1.2900	-2	4		
130	1.3000	-2	5		
131	1.3100	-2	6		
132	1.3200	-2	6		
133	1.3300	-1	7		
134	1.3400	-1	8		
135	1.3500	-1	8		
136	1.3600	-1	9		
137	1.3700	-1	10		
138	1.3800	-1	10		
139	1.3900	-1	10		
140	1.4000	-1	11		
141	1.4100	0	11		
142	1.4200	0	12		
143	1.4300	0	12		
144	1.4400	0	12		
145	1.4500	0	12		
146	1.4600	0	13		
147	1.4700	0	13		
148	1.4800	0	13		
149	1.4900	0	13		
150	1.5000	0	13		
151	1.5100	0	13		
152	1.5200	-1	13		
153	1.5300	-1	13		
154	1.5400	-1	12		
155	1.5500	-1	12		
156	1.5600	-1	12		
157	1.5700	-1	12		
158	1.5800	-2	11		
159	1.5900	-2	11		
160	1.6000	-2	10		
161	1.6100	-2	10		
162	1.6200	-2	10		
163	1.6300	-2	9		
164	1.6400	-2	8		
165	1.6500	-2	8		
166	1.6600	-3	7		
167	1.6700	-3	6		
168	1.6800	-3	6		
169	1.6900	-4	5		
170	1.7000	-4	4		
171	1.7100	-4	3		
172	1.7200	-4	2		
173	1.7300	-4	2		
174	1.7400	-4	1		
175	1.7500	-4	0		
176	1.7600	-5	-1		
177	1.7700	-5	-2		
178	1.7800	-5	-2		
179	1.7900	-6	-4		
180	1.8000	-6	-4		
181	1.8100	-6	-5		
182	1.8200	-6	-6		
183	1.8300	-6	-6		
184	1.8400	-6	-7		
185	1.8500	-6	-8		
186	1.8600	-6	-9		
187	1.8700	-7	-10		
188	1.8800	-7	-10		
189	1.8900	-7	-11		
190	1.9000	-7	-12		
191	1.9100	-7	-12		
192	1.9200	-7	-12		
193	1.9300	-7	-13		
194	1.9400	-8	-14		
195	1.9500	-8	-14		
196	1.9600	-8	-14		
197	1.9700	-8	-14		
198	1.9800	-8	-15		
199	1.9900	-8	-15		
200	2.0000	-8	-15		
201	2.0100	-8	-16		
202	2.0200	-8	-16		
203	2.0300	-8	-16		
204	2.0400	-7	-16		
205	2.0500	-7	-16		
206	2.0600	-7	-16		
207	2.0700	-7	-15		
208	2.0800	-7	-15		
209	2.0900	-7	-15		
210	2.1000	-7	-14		
211	2.1100	-6	-14		
212	2.1200	-6	-14		
213	2.1300	-6	-14		
214	2.1400	-6	-13		
215	2.1500	-6	-12		
216	2.1600	-6	-12		
217	2.1700	-6	-12		
218	2.1800	-6	-11		
219	2.1900	-5	-10		
220	2.2000	-5	-10		
221	2.2100	-5	-9		
222	2.2200	-5	-8		
223	2.2300	-4	-7		
224	2.2400	-4	-6		
225	2.2500	-4	-6		
226	2.2600	-4	-5		
227	2.2700	-4	-4		
228	2.2800	-4	-3		
229	2.2900	-4	-2		
230	2.3000	-3	-2		
231	2.3100	-3	-1		
232	2.3200	-3	0		
233	2.3300	-2	1		
234	2.3400	-2	2		
235	2.3500	-2	2		
236	2.3600	-2	3		
237	2.3700	-2	4		
238	2.3800	-2	5		
239	2.3900	-2	6		
240	2.4000	-2	6		
241	2.4100	-1	7		
242	2.4200	-1	8		
243	2.4300	-1	8		
244	2.4400	-1	9		
245	2.4500	-1	10		
246	2.4600	-1	10		
247	2.4700	-1	10		
248	2.4800	-1	11		
249	2.4900	0	12		
250	2.5000	0	12		
251	2.5100	0	12		
252	2.5200	0	12		
253	2.5300	0	12		
254	2.5400	0	13		
255	2.5500	0	13		
256	2.5600	0	13		
257	2.5700	0	13		
258	2.5800	0	13		
259	2.5900	0	13		
260	2.6000	-1	13		
261	2.6100	-1	13		
262	2.6200	-1	12		
263	2.6300	-1	12		
264	2.6400	-1	12		
265	2.6500	-1	12		
266	2.6600	-2	11		
267	2.6700	-2	11		
268	2.6800	-2	10		
269	2.6900	-2	10		
270	2.7000	-2	10		
271	2.7100	-2	9		
272	2.7200	-2	8		
273	2.7300	-2	8		
274	2.7400	-3	7		
275	2.7500	-3	6		
276	2.7600	-3	6		
277	2.7700	-4	5		
278	2.7800	-4	4		
279	2.7900	-4	3		
280	2.8000	-4	2		
281	2.8100	-4	2		
282	2.8200	-4	1		
283	2.8300	-4	0		
284	2.8400	-5	-1		
285	2.8500	-5	-2		
286	2.8600	-5	-2		
287	2.8700	-6	-3		
288	2.8800	-6	-4		
289	2.8900	-6	-5		
290	2.9000	-6	-6		
291	2.9100	-6	-6		
292	2.9200	-6	-7		
293	2.9300	-6	-8		
294	2.9400	-6	-9		
295	2.9500	-7	-10		
296	2.9600	-7	-10		
297	2.9700	-7	-11		
298	2.9800	-7	-12		
299	2.9900	-7	-12		
300	3.0000	-7	-12		
301	3.0100	-7	-13		
302	3.0200	-7	-14		
303	3.0300	-8	-14		
304	3.0400	-8	-14		
305	3.0500	-8	-14		
306	3.0600	-8	-15		
307	3.0700	-8	-15		
308	3.0800	-8	-15		
309	3.0900	-8	-16		
310	3.1000	-8	-16		
311	3.1100	-7	-16		
312	3.1200	-7	-16		
313	3.1300	-7	-16		
314	3.1400	-7	-16		
315	3.1500	-7	-15		
316	3.1600	-7	-15		
317	3.1700	-7	-15		
318	3.1800	-7	-14		
319	3.1900	-6	-14		
320	3.2000	-6	-14		
321	3.2100	-6	-14		
322	3.2200	-6	-13		
323	3.2300	-6	-12		
324	3.2400	-6	-12		
325	3.2500	-6	-12		
326	3.2600	-6	-11		
327	3.2700	-5	-10		
328	3.2800	-5	-10		
329	3.2900	-5	-9		
330	3.3000	-5	-8		
331	3.3100	-4	-7		
332	3.3200	-4	-6		
333	3.3300	-4	-6		
334	3.3400	-4	-5		
335	3.3500	-4	-4		
336	3.3600	-4	-3		
337	3.3700	-4	-2		
338	3.3800	-3	-2		
339	3.3900	-3	-1		
340	3.4000	-3	0		
341	3.4100	-2	1		
342	3.4200	-2	2		
343	3.4300	-2	2		
344	3.4400	-2	3		
345	3.4500	-2	4		
346	3.4600	-2	5		
347	3.4700	-2	6		
348	3.4800	-2	6		
349	3.4900	-1	7		
350	3.5000	-1	8		
351	3.5100	-1	8		
352	3.5200	-1	9		
353	3.5300	-1	10		
354	3.5400	-1	10		
355	3.5500	-1	10		
356	3.5600	-1	11		
357	3.5700	0	12		
358	3.5800	0	12		
359	3.5900	0	12		
360	3.6000	0	12		
361	3.6100	0	13		
362	3.6200	0	13		
363	3.6300	0	13		
364	3.6400	0	13		
365	3.6500	0	13		
366	3.6600	0	13		
367	3.6700	0	13		
368	3.6800	-1	13		
369	3.6900	-1	13		
370	3.7000	-1	12		
371	3.7100	-1	12		
372	3.7200	-1	12		
373	3.7300	-1	12		
374	3.7400	-1	11		
375	3.7500	-2	11		
376	3.7600	-2	10		
377	3.7700	-2	10		
378	3.7800	-2	9		
379	3.7900	-2	9		
380	3.8000	-2	8		
381	3.8100	-2	8		
382	3.8200	-3	7		
383	3.8300	-3	6		
384	3.8400	-4	6		
385	3.8500	-4	5		
386	3.8600	-4	4		
387	3.8700	-4	3		
388	3.8800	-4	2		
389	3.8900	-4	2		
390	3.9000	-4	0		
391	3.9100	-5	0		
392	3.9200	-5	-1		
393	3.9300	-5	-2		
394	3.9400	-5	-3		
395	3.9500	-6	-4		
396	3.9600	-6	-4		
397	3.9700	-6	-5		
398	3.9800	-6	-6		
399	3.9900	-6	-7		
400	4.0000	-6	-8		
401	4.0100	-6	-8		
402	4.0200	-6	-9		
403	4.0300	-7	-10		
404	4.0400	-7	-10		
405	4.0500	-7	-11		
406	4.0600	-7	-12		
407	4.0700	-7	-12		
408	4.0800	-7	-13		
409	4.0900	-8	-13		
410	4.1000	-8	-14		
411	4.1100	-8	-14		
412	4.1200	-8	-14		
413	4.1300	-8	-15		
414	4.1400	-8	-15		
415	4.1500	-8	-15		
416	4.1600	-8	-16		
417	4.1700	-8	-16		
418	4.1800	-8	-16		
419	4.1900	-8	-16		
420	4.2000	-8	-16		
421	4.2100	-7	-16		
422	4.2200	-7	-16		
423	4.2300	-7	-16		
424	4.2400	-7	-15		
425	4.2500	-7	-15		
426	4.2600	-7	-15		
427	4.2700	-7	-14		
428	4.2800	-6	-14		
429	4.2900	-6	-14		
430	4.3000	-6	-13		
431	4.3100	-6	-12		
432	4.3200	-6	-12		
433	4.3300	-6	-12		
434	4.3400	-6	-11		
435	4.3500	-5	-10		
436	4.3600	-5	-10		
437	4.3700	-5	-9		
438	4.3800	-5	-8		
439	4.3900	-4	-7		
440	4.4000	-4	-6		
441	4.4100	-4	-6		
442	4.4200	-4	-5		
443	4.4300	-4	-4		
444	4.4400	-4	-3		
445	4.4500	-4	-2		
446	4.4600	-3	-2		
447	4.4700	-3	-1		
448	4.4800	-3	0		
449	4.4900	-3	1		
450	4.5000	-2	2		
451	4.5100	-2	3		
452	4.5200	-2	4		
453	4.5300	-2	4		
454	4.5400	-2	5		
455	4.5500	-2	6		
456	4.5600	-2	6		
457	4.5700	-2	7		
458	4.5800	-1	8		
459	4.5900	-1	8		
460	4.6000	-1	9		
461	4.6100	-1	10		
462	4.6200	-1	10		
463	4.6300	-1	11		
464	4.6400	-1	11		
465	4.6500	-1	12		
466	4.6600	0	12		
467	4.6700	0	12		
468	4.6800	0	12		
469	4.6900	0	13		
470	4.7000	0	13		
471	4.7100	0	13		
472	4.7200	0	13		
473	4.7300	0	13		
474	4.7400	-1	13		
475	4.7500	-1	13		
476	4.7600	-1	13		
477	4.7700	-1	13		
478	4.7800	-1	13		
479	4.7900	-1	12		
480	4.8000	-1	12		
481	4.8100	-2	12		
482	4.8200	-2	12		
483	4.8300	-2	11		
484	4.8400	-2	10		
485	4.8500	-2	10		
486	4.8600	-2	10		
487	4.8700	-2	9		
488	4.8800	-2	8		
489	4.8900	-3	8		
490	4.9000	-3	7		
491	4.9100	-3	6		
492	4.9200	-3	6		
493	4.9300	-4	5		
494	4.9400	-4	4		
495	4.9500	-4	3		
496	4.9600	-4	2		
497	4.9700	-4	2		
498	4.9800	-4	0		
499	4.9900	-5	0		
500	5.0000	-5	-1		
501	5.0100	-5	-2		
502	5.0200	-6	-3		
503	5.0300	-6	-4		
504	5.0400	-6	-4		
505	5.0500	-6	-5		
506	5.0600	-6	-6		
507	5.0700	-6	-7		
508	5.0800	-6	-8		
509	5.0900	-6	-8		
510	5.1000	-7	-9		
511	5.1100	-7	-10		
512	5.1200	-7	-10		
513	5.1300	-7	-11		
514	5.1400	-7	-12		
515	5.1500	-7	-12		
516	5.1600	-7	-13		
517	5.1700	-8	-13		
518	5.1800	-8	-14		
519	5.1900	-8	-14		
520	5.2000	-8	-14		
521	5.2100	-8	-15		
522	5.2200	-8	-15		
523	5.2300	-8	-16		
524	5.2400	-8	-16		
525	5.2500	-8	-16		
526	5.2600	-8	-16		
527	5.2700	-8	-16		
528	5.2800	-8	-16		
529	5.2900	-7	-16		
530	5.3000	-7	-16		
531	5.3100	-7	-16		
532	5.3200	-7	-15		
533	5.3300	-7	-15		
534	5.3400	-7	-15		
535	5.3500	-7	-14		
536	5.3600	-6	-14		
537	5.3700	-6	-14		
538	5.3800	-6	-13		
539	5.3900	-6	-13		
540	5.4000	-6	-12		
541	5.4100	-6	-12		
542	5.4200	-6	-11		
543	5.4300	-6	-10		
544	5.4400	-5	-10		
545	5.4500	-5	-9		
546	5.4600	-5	-8		
547	5.4700	-4	-7		
548	5.4800	-4	-6		
549	5.4900	-4	-6		
550	5.5000	-4	-5		
551	5.5100	-4	-4		
552	5.5200	-4	-3		
553	5.5300	-4	-2		
554	5.5400	-3	-2		
555	5.5500	-3	-1		
556	5.5600	-3	0		
557	5.5700	-3	1		
558	5.5800	-2	2		
559	5.5900	-2	3		
560	5.6000	-2	4		
561	5.6100	-2	4		
562	5.6200	-2	5		
563	5.6300	-2	6		
564	5.6400	-2	6		
565	5.6500	-2	7		
566	5.6600	-1	8		
567	5.6700	-1	8		
568	5.6800	-1	9		
569	5.6900	-1	10		
570	5.7000	-1	10		
571	5.7100	-1	11		
572	5.7200	-1	11		
573	5.7300	-1	12		
574	5.7400	-1	12		
575	5.7500	0	12		
576	5.7600	0	12		
577	5.7700	0	13		
578	5.7800	0	13		
579	5.7900	0	13		
580	5.8000	0	13		
581	5.8100	0	13		
582	5.8200	-1	13		
583	5.8300	-1	13		
584	5.8400	-1	13		
585	5.8500	-1	13		
586	5.8600	-1	13		
587	5.8700	-1	12		
588	5.8800	-1	12		
589	5.8900	-1	12		
590	5.9000	-2	12		
591	5.9100	-2	11		
592	5.9200	-2	10		
593	5.9300	-2	10		
594	5.9400	-2	10		
595	5.9500	-2	9		
596	5.9600	-2	8		
597	5.9700	-2	8		
598	5.9800	-3	7		
599	5.9900	-3	6		
600	6.0000	-3	6		
601	6.0100	-4	5		
602	6.0200	-4	4		
603	6.0300	-4	3		
604	6.0400	-4	2		
605	6.0500	-4	2		
606	6.0600	-4	0		
607	6.0700	-5	0		
608	6.0800	-5	-1		
609	6.0900	-5	-2		
610	6.1000	-5	-3		
611	6.1100	-6	-4		
612	6.1200	-6	-4		
613	6.1300	-6	-5		
614	6.1400	-6	-6		
615	6.1500	-6	-7		
616	6.1600	-6	-8		
617	6.1700	-6	-8		
618	6.1800	-7	-9		
619	6.1900	-7	-10		
620	6.2000	-7	-10		
621	6.2100	-7	-11		
622	6.2200	-7	-12		
623	6.2300	-7	-12		
624	6.2400	-7	-13		
625	6.2500	-8	-13		
626	6.2600	-8	-14		
627	6.2700	-8	-14		
628	6.2800	-8	-14		
629	6.2900	-8	-15		
630	6.3000	-8	-15		
631	6.3100	-8	-16		
632	6.3200	-8	-16		
633	6.3300	-8	-16		
634	6.3400	-8	-16		
635	6.3500	-8	-16		
636	6.3600	-8	-16		
637	6.3700	-7	-16		
638	6.3800	-7	-16		
639	6.3900	-7	-16		
640	6.4000	-7	-15		
641	6.4100	-7	-15		
642	6.4200	-7	-15		
643	6.4300	-7	-14		
644	6.4400	-6	-14		
645	6.4500	-6	-14		
646	6.4600	-6	-13		
647	6.4700	-6	-12		
648	6.4800	-6	-12		
649	6.4900	-6	-12		
650	6.5000	-6	-11		
651	6.5100	-6	-10		
652	6.5200	-5	-10		
653	6.5300	-5	-9		
654	6.5400	-5	-8		
655	6.5500	-4	-7		
656	6.5600	-4	-6		
657	6.5700	-4	-6		
658	6.5800	-4	-5		
659	6.5900	-4	-4		
660	6.6000	-4	-3		
661	6.6100	-4	-2		
662	6.6200	-3	-2		
663	6.6300	-3	-1		
664	6.6400	-3	0		
665	6.6500	-3	1		
666	6.6600	-2	2		
667	6.6700	-2	2		
668	6.6800	-2	4		
669	6.6900	-2	4		
670	6.7000	-2	5		
671	6.7100	-2	6		
672	6.7200	-2	6		
673	6.7300	-2	7		
674	6.7400	-1	8		
675	6.7500	-1	8		
676	6.7600	-1	9		
677	6.7700	-1	10		
678	6.7800	-1	10		
679	6.7900	-1	11		
680	6.8000	-1	11		
681	6.8100	-1	12		
682	6.8200	-1	12		
683	6.8300	0	12		
684	6.8400	0	12		
685	6.8500	0	13		
686	6.8600	0	13		
687	6.8700	0	13		
688	6.8800	0	13		
689	6.8900	0	13		
690	6.9000	-1	13		
691	6.9100	-1	13		
692	6.9200	-1	13		
693	6.9300	-1	13		
694	6.9400	-1	13		
695	6.9500	-1	12		
696	6.9600	-1	12		
697	6.9700	-1	12		
698	6.9800	-2	12		
699	6.9900	-2	11		
700	7.0000	-2	10		
701	7.0100	-2	10		
702	7.0200	-2	10		
703	7.0300	-2	9		
704	7.0400	-2	8		
705	7.0500	-2	8		
706	7.0600	-3	7		
707	7.0700	-3	6		
708	7.0800	-3	6		
709	7.0900	-4	5		
710	7.1000	-4	4		
711	7.1100	-4	3		
712	7.1200	-4	2		
713	7.1300	-4	2		
714	7.1400	-4	0		
715	7.1500	-5	0		
716	7.1600	-5	-1		
717	7.1700	-5	-2		
718	7.1800	-5	-3		
719	7.1900	-6	-4		
720	7.2000	-6	-4		
721	7.2100	-6	-5		
722	7.2200	-6	-6		
723	7.2300	-6	-7		
724	7.2400	-6	-8		
725	7.2500	-6	-8		
726	7.2600	-7	-9		
727	7.2700	-7	-10		
728	7.2800	-7	-10		
729	7.2900	-7	-11		
730	7.3000	-7	-12		
731	7.3100	-7	-12		
732	7.3200	-7	-13		
733	7.3300	-8	-13		
734	7.3400	-8	-14		
735	7.3500	-8	-14		
736	7.3600	-8	-14		
737	7.3700	-8	-15		
738	7.3800	-8	-15		
739	7.3900	-8	-15		
740	7.4000	-8	-16		
741	7.4100	-8	-16		
742	7.4200	-8	-16		
743	7.4300	-8	-16		
744	7.4400	-8	-16		
745	7.4500	-7	-16		
746	7.4600	-7	-16		
747	7.4700	-7	-16		
748	7.4800	-7	-15		
749	7.4900	-7	-15		
750	7.5000	-7	-15		
751	7.5100	-7	-14		
752	7.5200	-6	-14		
753	7.5300	-6	-14		
754	7.5400	-6	-13		
755	7.5500	-6	-12		
756	7.5600	-6	-12		
757	7.5700	-6	-12		
758	7.5800	-6	-11		
759	7.5900	-6	-10		
760	7.6000	-5	-10		
761	7.6100	-5	-9		
762	7.6200	-5	-8		
763	7.6300	-5	-7		
764	7.6400	-4	-6		
765	7.6500	-4	-6		
766	7.6600	-4	-5		
767	7.6700	-4	-4		
768	7.6800	-4	-3		
769	7.6900	-4	-2		
770	7.7000	-3	-2		
771	7.7100	-3	-1		
772	7.7200	-3	0		
773	7.7300	-3	1		
774	7.7400	-2	2		
775	7.7500	-2	2		
776	7.7600	-2	4		
777	7.7700	-2	4		
778	7.7800	-2	5		
779	7.7900	-2	6		
780	7.8000	-2	6		
781	7.8100	-2	7		
782	7.8200	-1	8		
783	7.8300	-1	8		
784	7.8400	-1	9		
785	7.8500	-1	10		
786	7.8600	-1	10		
787	7.8700	-1	10		
788	7.8800	-1	11		
789	7.8900	-1	12		
790	7.9000	-1	12		
791	7.9100	0	12		
792	7.9200	0	12		
793	7.9300	0	13		
794	7.9400	0	13		
795	7.9500	0	13		
796	7.9600	0	13		
797	7.9700	0	13		
798	7.9800	-1	13		
799	7.9900	-1	13		
800	8.0000	-1	13		
801	8.0100	-1	13		
802	8.0200	-1	12		
803	8.0300	-1	12		
804	8.0400	-1	12		
805	8.0500	-1	12		
806	8.0600	-2	11		
807	8.0700	-2	11		
808	8.0800	-2	10		
809	8.0900	-2	10		
810	8.1000	-2	9		
811	8.1100	-2	9		
812	8.1200	-2	8		
813	8.1300	-2	8		
814	8.1400	-3	7		
815	8.1500	-3	6		
816	8.1600	-3	5		
817	8.1700	-4	4		
818	8.1800	-4	4		
819	8.1900	-4	3		
820	8.2000	-4	2		
821	8.2100	-4	2		
822	8.2200	-4	0		
823	8.2300	-5	0		
824	8.2400	-5	-1		
825	8.2500	-5	-2		
826	8.2600	-5	-3		
827	8.2700	-6	-4		
828	8.2800	-6	-4		
829	8.2900	-6	-5		
830	8.3000	-6	-6		
831	8.3100	-6	-7		
832	8.3200	-6	-8		
833	8.3300	-6	-8		
834	8.3400	-7	-9		
835	8.3500	-7	-10		
836	8.3600	-7	-10		
837	8.3700	-7	-11		
838	8.3800	-7	-12		
839	8.3900	-7	-12		
840	8.4000	-7	-13		
841	8.4100	-8	-13		
842	8.4200	-8	-14		
843	8.4300	-8	-14		
844	8.4400	-8	-14		
845	8.4500	-8	-15		
846	8.4600	-8	-15		
847	8.4700	-8	-15		
848	8.4800	-8	-16		
849	8.4900	-8	-16		
850	8.5000	-8	-16		
851	8.5100	-8	-16		
852	8.5200	-8	-16		
853	8.5300	-7	-16		
854	8.5400	-7	-16		
855	8.5500	-7	-15		
856	8.5600	-7	-15		
857	8.5700	-7	-15		
858	8.5800	-7	-14		
859	8.5900	-7	-14		
860	8.6000	-6	-14		
861	8.6100	-6	-14		
862	8.6200	-6	-13		
863	8.6300	-6	-12		
864	8.6400	-6	-12		
865	8.6500	-6	-12		
866	8.6600	-6	-11		
867	8.6700	-6	-10		
868	8.6800	-5	-10		
869	8.6900	-5	-9		
870	8.7000	-5	-8		
871	8.7100	-5	-7		
872	8.7200	-4	-6		
873	8.7300	-4	-6		
874	8.7400	-4	-5		
875	8.7500	-4	-4		
876	8.7600	-4	-3		
877	8.7700	-4	-2		
878	8.7800	-3	-2		
879	8.7900	-3	-1		
880	8.8000	-3	0		
881	8.8100	-3	1		
882	8.8200	-2	2		
883	8.8300	-2	2		
884	8.8400	-2	3		
885	8.8500	-2	4		
886	8.8600	-2	5		
887	8.8700	-2	6		
888	8.8800	-2	6		
889	8.8900	-2	7		
890	8.9000	-1	8		
891	8.9100	-1	8		
892	8.9200	-1	9		
893	8.9300	-1	10		
894	8.9400	-1	10		
895	8.9500	-1	10		
896	8.9600	-1	11		
897	8.9700	-1	12		
898	8.9800	-1	12		
899	8.9900	0	12		
900	9.0000	0	12		
901	9.0100	0	12		
902	9.0200	0	13		
903	9.0300	0	13		
904	9.0400	0	13		
905	9.0500	0	13		
906	9.0600	-1	13		
907	9.0700	-1	13		
908	9.0800	-1	13		
909	9.0900	-1	13		
910	9.1000	-1	12		
911	9.1100	-1	12		
912	9.1200	-1	12		
913	9.1300	-1	12		
914	9.1400	-2	11		
915	9.1500	-2	11		
916	9.1600	-2	10		
917	9.1700	-2	10		
918	9.1800	-2	9		
919	9.1900	-2	9		
920	9.2000	-2	8		
921	9.2100	-2	8		
922	9.2200	-3	7		
923	9.2300	-3	6		
924	9.2400	-3	5		
925	9.2500	-4	4		
926	9.2600	-4	4		
927	9.2700	-4	3		
928	9.2800	-4	2		
929	9.2900	-4	2		
930	9.3000	-4	1		
931	9.3100	-5	0		
932	9.3200	-5	-1		
933	9.3300	-5	-2		
934	9.3400	-5	-3		
935	9.3500	-6	-4		
936	9.3600	-6	-4		
937	9.3700	-6	-5		
938	9.3800	-6	-6		
939	9.3900	-6	-7		
940	9.4000	-6	-8		
941	9.4100	-6	-8		
942	9.4200	-6	-9		
943	9.4300	-7	-10		
944	9.4400	-7	-10		
945	9.4500	-7	-11		
946	9.4600	-7	-12		
947	9.4700	-7	-12		
948	9.4800	-7	-12		
949	9.4900	-8	-13		
950	9.5000	-8	-14		
951	9.5100	-8	-14		
952	9.5200	-8	-14		
953	9.5300	-8	-15		
954	9.5400	-8	-15		
955	9.5500	-8	-15		
956	9.5600	-8	-16		
957	9.5700	-8	-16		
958	9.5800	-8	-16		
959	9.5900	-8	-16		
960	9.6000	-8	-16		
961	9.6100	-7	-16		
962	9.6200	-7	-16		
963	9.6300	-7	-16		
964	9.6400	-7	-15		
965	9.6500	-7	-15		
966	9.6600	-7	-15		
967	9.6700	-7	-14		
968	9.6800	-6	-14		
969	9.6900	-6	-14		
970	9.7000	-6	-13		
971	9.7100	-6	-12		
972	9.7200	-6	-12		
973	9.7300	-6	-12		
974	9.7400	-6	-11		
975	9.7500	-6	-10		
976	9.7600	-5	-10		
977	9.7700	-5	-9		
978	9.7800	-5	-8		
979	9.7900	-5	-7		
980	9.8000	-4	-6		
981	9.8100	-4	-6		
982	9.8200	-4	-5		
983	9.8300	-4	-4		
984	9.8400	-4	-3		
985	9.8500	-4	-2		
986	9.8600	-3	-2		
987	9.8700	-3	-1		
988	9.8800	-3	0		
989	9.8900	-3	1		
990	9.9000	-2	2		
991	9.9100	-2	2		
992	9.9200	-2	3		
993	9.9300	-2	4		
994	9.9400	-2	5		
995	9.9500	-2	6		
996	9.9600	-2	6		
997	9.9700	-2	7		
998	9.9800	-1	8		
999	9.9900	-1	8		
1000	10.0000	-1	9		
1001	10.0100	-1	10		
1002	10.0200	-1	10		
1003	10.0300	-1	10		
1004	10.0400	-1	11		
1005	10.0500	-1	11		
1006	10.0600	-1	12		
1007	10.0700	0	12		
1008	10.0800	0	12		
1009	10.0900	0	12		
1010	10.1000	0	13		
1011	10.1100	0	13		
1012	10.1200	0	13		
1013	10.1300	0	13		
1014	10.1400	-1	13		
1015	10.1500	-1	13		
1016	10.1600	-1	13		
1017	10.1700	-1	13		
1018	10.1800	-1	12		
1019	10.1900	-1	12		
1020	10.2000	-1	12		
1021	10.2100	-1	12		
1022	10.2200	-2	11		
1023	10.2300	-2	11		
1024	10.2400	-2	10		
1025	10.2500	-2	10		
1026	10.2600	-2	9		
1027	10.2700	-2	9		
1028	10.2800	-2	8		
1029	10.2900	-2	8		
1030	10.3000	-3	7		
1031	10.3100	-3	6		
1032	10.3200	-3	6		
1033	10.3300	-4	5		
1034	10.3400	-4	4		
1035	10.3500	-4	3		
1036	10.3600	-4	2		
1037	10.3700	-4	2		
1038	10.3800	-4	1		
1039	10.3900	-4	0		
1040	10.4000	-5	-1		
1041	10.4100	-5	-2		
1042	10.4200	-5	-2		
1043	10.4300	-6	-4		
1044	10.4400	-6	-4		
1045	10.4500	-6	-5		
1046	10.4600	-6	-6		
1047	10.4700	-6	-6		
1048	10.4800	-6	-7		
1049	10.4900	-6	-8		
1050	10.5000	-6	-9		
1051	10.5100	-7	-10		
1052	10.5200	-7	-10		
1053	10.5300	-7	-11		
1054	10.5400	-7	-12		
1055	10.5500	-7	-12		
1056	10.5600	-7	-12		
1057	10.5700	-8	-13		
1058	10.5800	-8	-14		
1059	10.5900	-8	-14		
1060	10.6000	-8	-14		
1061	10.6100	-8	-14		
1062	10.6200	-8	-15		
1063	10.6300	-8	-15		
1064	10.6400	-8	-15		
1065	10.6500	-8	-16		
1066	10.6600	-8	-16		
1067	10.6700	-8	-16		
1068	10.6800	-8	-16		
1069	10.6900	-7	-16		
1070	10.7000	-7	-16		
1071	10.7100	-7	-15		
1072	10.7200	-7	-15		
1073	10.7300	-7	-15		
1074	10.7400	-7	-14		
1075	10.7500	-7	-14		
1076	10.7600	-6	-14		
1077	10.7700	-6	-14		
1078	10.7800	-6	-13		
1079	10.7900	-6	-12		
1080	10.8000	-6	-12		
1081	10.8100	-6	-11		
1082	10.8200	-6	-11		
1083	10.8300	-6	-10		
1084	10.8400	-5	-10		
1085	10.8500	-5	-9		
1086	10.8600	-5	-8		
1087	10.8700	-5	-7		
1088	10.8800	-4	-6		
1089	10.8900	-4	-6		
1090	10.9000	-4	-5		
1091	10.9100	-4	-4		
1092	10.9200	-4	-3		
1093	10.9300	-4	-2		
1094	10.9400	-4	-2		
1095	10.9500	-3	-1		
1096	10.9600	-3	0		
1097	10.9700	-3	1		
1098	10.9800	-2	2		
1099	10.9900	-2	2		
1100	11.0000	-2	3		
1101	11.0100	-2	4		
1102	11.0200	-2	5		
1103	11.0300	-2	6		
1104	11.0400	-2	6		
1105	11.0500	-2	7		
1106	11.0600	-2	8		
1107	11.0700	-1	8		
1108	11.0800	-1	9		
1109	11.0900	-1	9		
1110	11.1000	-1	10		
1111	11.1100	-1	10		
1112	11.1200	-1	11		
1113	11.1300	-1	11		
1114	11.1400	-1	12		
1115	11.1500	0	12		
1116	11.1600	0	12		
1117	11.1700	0	12		
1118	11.1800	0	12		
1119	11.1900	0	13		
1120	11.2000	0	13		
1121	11.2100	0	13		
1122	11.2200	-1	13		
1123	11.2300	-1	13		
1124	11.2400	-1	13		
1125	11.2500	-1	12		
1126	11.2600	-1	12		
1127	11.2700	-1	12		
1128	11.2800	-1	12		
1129	11.2900	-1	12		
1130	11.3000	-2	11		
1131	11.3100	-2	11		
1132	11.3200	-2	10		
1133	11.3300	-2	10		
1134	11.3400	-2	9		
1135	11.3500	-2	9		
1136	11.3600	-2	8		
1137	11.3700	-2	8		
1138	11.3800	-3	7		
1139	11.3900	-3	6		
1140	11.4000	-3	6		
1141	11.4100	-4	5		
1142	11.4200	-4	4		
1143	11.4300	-4	3		
1144	11.4400	-4	2		
1145	11.4500	-4	2		
1146	11.4600	-4	1		
1147	11.4700	-4	0		
1148	11.4800	-5	-1		
1149	11.4900	-5	-2		
1150	11.5000	-5	-2		
1151	11.5100	-6	-3		
1152	11.5200	-6	-4		
1153	11.5300	-6	-5		
1154	11.5400	-6	-6		
1155	11.5500	-6	-6		
1156	11.5600	-6	-7		
1157	11.5700	-6	-8		
1158	11.5800	-6	-9		
1159	11.5900	-7	-10		
1160	11.6000	-7	-10		
1161	11.6100	-7	-11		
1162	11.6200	-7	-11		
1163	11.6300	-7	-12		
1164	11.6400	-7	-12		
1165	11.6500	-8	-13		
1166	11.6600	-8	-14		
1167	11.6700	-8	-14		
1168	11.6800	-8	-14		
1169	11.6900	-8	-14		
1170	11.7000	-8	-15		
1171	11.7100	-8	-15		
1172	11.7200	-8	-15		
1173	11.7300	-8	-16		
1174	11.7400	-8	-16		
1175	11.7500	-8	-16		
1176	11.7600	-8	-16		
1177	11.7700	-8	-16		
1178	11.7800	-7	-16		
1179	11.7900	-7	-15		
1180	11.8000	-7	-15		
1181	11.8100	-7	-15		
1182	11.8200	-7	-14		
1183	11.8300	-7	-14		
1184	11.8400	-6	-14		
1185	11.8500	-6	-14		
1186	11.8600	-6	-13		
1187	11.8700	-6	-12		
1188	11.8800	-6	-12		
1189	11.8900	-6	-12		
1190	11.9000	-6	-11		
1191	11.9100	-6	-10		
1192	11.9200	-5	-10		
1193	11.9300	-5	-9		
1194	11.9400	-5	-8		
1195	11.9500	-5	-8		
1196	11.9600	-4	-7		
1197	11.9700	-4	-6		
1198	11.9800	-4	-5		
1199	11.9900	-4	-4		
1200	12.0000	-4	-4		
1201	12.0100	-4	-3		
1202	12.0200	-4	-2		
1203	12.0300	-3	-1		
1204	12.0400	-3	0		
1205	12.0500	-3	0		
1206	12.0600	-2	2		
1207	12.0700	-2	2		
1208	12.0800	-2	3		
1209	12.0900	-2	4		
1210	12.1000	-2	4		
1211	12.1100	-2	5		
1212	12.1200	-2	6		
1213	12.1300	-2	7		
1214	12.1400	-2	7		
1215	12.1500	-1	8		
1216	12.1600	-1	8		
1217	12.1700	-1	9		
1218	12.1800	-1	10		
1219	12.1900	-1	10		
1220	12.2000	-1	11		
1221	12.2100	-1	11		
1222	12.2200	-1	12		
1223	12.2300	0	12		
1224	12.2400	0	12		
1225	12.2500	0	12		
1226	12.2600	0	12		
1227	12.2700	0	13		
1228	12.2800	0	13		
1229	12.2900	0	13		
1230	12.3000	-1	13		
1231	12.3100	-1	13		
1232	12.3200	-1	13		
1233	12.3300	-1	12		
1234	12.3400	-1	12		
1235	12.3500	-1	12		
1236	12.3600	-1	12		
1237	12.3700	-1	12		
1238	12.3800	-2	11		
1239	12.3900	-2	11		
1240	12.4000	-2	10		
1241	12.4100	-2	10		
1242	12.4200	-2	10		
1243	12.4300	-2	9		
1244	12.4400	-2	8		
1245	12.4500	-2	8		
1246	12.4600	-3	7		
1247	12.4700	-3	6		
1248	12.4800	-3	6		
1249	12.4900	-4	5		
1250	12.5000	-4	4		
1251	12.5100	-4	3		
1252	12.5200	-4	2		
1253	12.5300	-4	2		
1254	12.5400	-4	1		
1255	12.5500	-4	0		
1256	12.5600	-5	-1		
1257	12.5700	-5	-2		
1258	12.5800	-5	-2		
1259	12.5900	-6	-3		
1260	12.6000	-6	-4		
1261	12.6100	-6	-5		
1262	12.6200	-6	-6		
1263	12.6300	-6	-6		
1264	12.6400	-6	-7		
1265	12.6500	-6	-8		
1266	12.6600	-6	-9		
1267	12.6700	-7	-9		
1268	12.6800	-7	-10		
1269	12.6900	-7	-11		
1270	12.7000	-7	-11		
1271	12.7100	-7	-12		
1272	12.7200	-7	-12		
1273	12.7300	-8	-13		
1274	12.7400	-8	-14		
1275	12.7500	-8	-14		
1276	12.7600	-8	-14		
1277	12.7700	-8	-14		
1278	12.7800	-8	-15		
1279	12.7900	-8	-15		
1280	12.8000	-8	-15		
1281	12.8100	-8	-16		
1282	12.8200	-8	-16		
1283	12.8300	-8	-16		
1284	12.8400	-8	-16		
1285	12.8500	-8	-16		
1286	12.8600	-7	-16		
1287	12.8700	-7	-16		
1288	12.8800	-7	-15		
1289	12.8900	-7	-15		
1290	12.9000	-7	-15		
1291	12.9100	-7	-14		
1292	12.9200	-6	-14		
1293	12.9300	-6	-14		
1294	12.9400	-6	-13		
1295	12.9500	-6	-13		
1296	12.9600	-6	-12		
1297	12.9700	-6	-12		
1298	12.9800	-6	-11		
1299	12.9900	-6	-10		
1300	13.0000	-5	-10		
1301	13.0100	-5	-9		
1302	13.0200	-5	-8		
1303	13.0300	-5	-8		
1304	13.0400	-4	-7		
1305	13.0500	-4	-6		
1306	13.0600	-4	-5		
1307	13.0700	-4	-4		
1308	13.0800	-4	-4		
1309	13.0900	-4	-3		
1310	13.1000	-4	-2		
1311	13.1100	-3	-1		
1312	13.1200	-3	0		
1313	13.1300	-3	0		
1314	13.1400	-2	1		
1315	13.1500	-2	2		
1316	13.1600	-2	3		
1317	13.1700	-2	4		
1318	13.1800	-2	4		
1319	13.1900	-2	5		
1320	13.2000	-2	6		
1321	13.2100	-2	7		
1322	13.2200	-2	8		
1323	13.2300	-1	8		
1324	13.2400	-1	9		
1325	13.2500	-1	9		
1326	13.2600	-1	10		
1327	13.2700	-1	10		
1328	13.2800	-1	11		
1329	13.2900	-1	11		
1330	13.3000	-1	12		
1331	13.3100	0	12		
1332	13.3200	0	12		
1333	13.3300	0	12		
1334	13.3400	0	13		
1335	13.3500	0	13		
1336	13.3600	0	13		
1337	13.3700	0	13		
1338	13.3800	-1	13		
1339	13.3900	-1	13		
1340	13.4000	-1	13		
1341	13.4100	-1	13		
1342	13.4200	-1	12		
1343	13.4300	-1	12		
1344	13.4400	-1	12		
1345	13.4500	-1	12		
1346	13.4600	-2	12		
1347	13.4700	-2	11		
1348	13.4800	-2	10		
1349	13.4900	-2	10		
1350	13.5000	-2	10		
1351	13.5100	-2	9		
1352	13.5200	-2	8		
1353	13.5300	-2	8		
1354	13.5400	-3	7		
1355	13.5500	-3	6		
1356	13.5600	-3	6		
1357	13.5700	-4	5		
1358	13.5800	-4	4		
1359	13.5900	-4	4		
1360	13.6000	-4	2		
1361	13.6100	-4	2		
1362	13.6200	-4	1		
1363	13.6300	-4	0		
1364	13.6400	-5	-1		
1365	13.6500	-5	-2		
1366	13.6600	-5	-2		
1367	13.6700	-6	-3		
1368	13.6800	-6	-4		
1369	13.6900	-6	-5		
1370	13.7000	-6	-6		
1371	13.7100	-6	-6		
1372	13.7200	-6	-7		
1373	13.7300	-6	-8		
1374	13.7400	-6	-8		
1375	13.7500	-7	-9		
1376	13.7600	-7	-10		
1377	13.7700	-7	-11		
1378	13.7800	-7	-11		
1379	13.7900	-7	-12		
1380	13.8000	-7	-12		
1381	13.8100	-8	-13		
1382	13.8200	-8	-13		
1383	13.8300	-8	-14		
1384	13.8400	-8	-14		
1385	13.8500	-8	-14		
1386	13.8600	-8	-15		
1387	13.8700	-8	-15		
1388	13.8800	-8	-15		
1389	13.8900	-8	-16		
1390	13.9000	-8	-16		
1391	13.9100	-8	-16		
1392	13.9200	-8	-16		
1393	13.9300	-8	-16		
1394	13.9400	-7	-16		
1395	13.9500	-7	-16		
1396	13.9600	-7	-15		
1397	13.9700	-7	-15		
1398	13.9800	-7	-15		
1399	13.9900	-7	-14		
1400	14.0000	-6	-14		
1401	14.0100	-6	-14		
1402	14.0200	-6	-13		
1403	14.0300	-6	-13		
1404	14.0400	-6	-12		
1405	14.0500	-6	-12		
1406	14.0600	-6	-11		
1407	14.0700	-6	-10		
1408	14.0800	-5	-10		
1409	14.0900	-5	-9		
1410	14.1000	-5	-8		
1411	14.1100	-5	-8		
1412	14.1200	-4	-7		
1413	14.1300	-4	-6		
1414	14.1400	-4	-5		
1415	14.1500	-4	-4		
1416	14.1600	-4	-4		
1417	14.1700	-4	-3		
1418	14.1800	-4	-2		
1419	14.1900	-3	-1		
1420	14.2000	-3	0		
1421	14.2100	-3	0		
1422	14.2200	-2	1		
1423	14.2300	-2	2		
1424	14.2400	-2	3		
1425	14.2500	-2	4		
1426	14.2600	-2	4		
1427	14.2700	-2	5		
1428	14.2800	-2	6		
1429	14.2900	-2	7		
1430	14.3000	-2	7		
1431	14.3100	-1	8		
1432	14.3200	-1	8		
1433	14.3300	-1	9		
1434	14.3400	-1	10		
1435	14.3500	-1	10		
1436	14.3600	-1	11		
1437	14.3700	-1	11		
1438	14.3800	-1	12		
1439	14.3900	0	12		
1440	14.4000	0	12		
1441	14.4100	0	12		
1442	14.4200	0	12		
1443	14.4300	0	13		
1444	14.4400	0	13		
1445	14.4500	0	13		
1446	14.4600	-1	13		
1447	14.4700	-1	13		
1448	14.4800	-1	13		
1449	14.4900	-1	13		
1450	14.5000	-1	12		
1451	14.5100	-1	12		
1452	14.5200	-1	12		
1453	14.5300	-1	12		
1454	14.5400	-2	12		
1455	14.5500	-2	11		
1456	14.5600	-2	10		
1457	14.5700	-2	10		
1458	14.5800	-2	10		
1459	14.5900	-2	9		
1460	14.6000	-2	8		
1461	14.6100	-2	8		
1462	14.6200	-3	7		
1463	14.6300	-3	6		
1464	14.6400	-3	6		
1465	14.6500	-4	5		
1466	14.6600	-4	4		
1467	14.6700	-4	4		
1468	14.6800	-4	3		
1469	14.6900	-4	2		
1470	14.7000	-4	1		
1471	14.7100	-4	0		
1472	14.7200	-5	0		
1473	14.7300	-5	-2		
1474	14.7400	-5	-2		
1475	14.7500	-6	-3		
1476	14.7600	-6	-4		
1477	14.7700	-6	-5		
1478	14.7800	-6	-6		
1479	14.7900	-6	-6		
1480	14.8000	-6	-7		
1481	14.8100	-6	-8		
1482	14.8200	-6	-8		
1483	14.8300	-7	-9		
1484	14.8400	-7	-10		
1485	14.8500	-7	-10		
1486	14.8600	-7	-11		
1487	14.8700	-7	-12		
1488	14.8800	-7	-12		
1489	14.8900	-8	-13		
1490	14.9000	-8	-13		
1491	14.9100	-8	-14		
1492	14.9200	-8	-14		
1493	14.9300	-8	-14		
1494	14.9400	-8	-15		
1495	14.9500	-8	-15		
1496	14.9600	-8	-15		
1497	14.9700	-8	-16		
1498	14.9800	-8	-16		
1499	14.9900	-8	-16		
1500	15.0000	-8	-16		
1501	15.0100	-8	-16		
1502	15.0200	-7	-16		
1503	15.0300	-7	-16		
1504	15.0400	-7	-15		
1505	15.0500	-7	-15		
1506	15.0600	-7	-15		
1507	15.0700	-7	-14		
1508	15.0800	-6	-14		
1509	15.0900	-6	-14		
1510	15.1000	-6	-13		
1511	15.1100	-6	-13		
1512	15.1200	-6	-12		
1513	15.1300	-6	-12		
1514	15.1400	-6	-11		
1515	15.1500	-6	-10		
1516	15.1600	-5	-10		
1517	15.1700	-5	-9		
1518	15.1800	-5	-8		
1519	15.1900	-5	-8		
1520	15.2000	-4	-7		
1521	15.2100	-4	-6		
1522	15.2200	-4	-6		
1523	15.2300	-4	-4		
1524	15.2400	-4	-4		
1525	15.2500	-4	-3		
1526	15.2600	-4	-2		
1527	15.2700	-3	-1		
1528	15.2800	-3	0		
1529	15.2900	-3	0		
1530	15.3000	-2	1		
1531	15.3100	-2	2		
1532	15.3200	-2	3		
1533	15.3300	-2	4		
1534	15.3400	-2	4		
1535	15.3500	-2	5		
1536	15.3600	-2	6		
1537	15.3700	-2	6		
1538	15.3800	-2	7		
1539	15.3900	-1	8		
1540	15.4000	-1	8		
1541	15.4100	-1	9		
1542	15.4200	-1	10		
1543	15.4300	-1	10		
1544	15.4400	-1	11		
1545	15.4500	-1	11		
1546	15.4600	-1	12		
1547	15.4700	0	12		
1548	15.4800	0	12		
1549	15.4900	0	12		
1550	15.5000	0	13		
1551	15.5100	0	13		
1552	15.5200	0	13		
1553	15.5300	0	13		
1554	15.5400	-1	13		
1555	15.5500	-1	13		
1556	15.5600	-1	13		
1557	15.5700	-1	13		
1558	15.5800	-1	13		
1559	15.5900	-1	12		
1560	15.6000	-1	12		
1561	15.6100	-1	12		
1562	15.6200	-2	12		
1563	15.6300	-2	11		
1564	15.6400	-2	11		
1565	15.6500	-2	10		
1566	15.6600	-2	10		
1567	15.6700	-2	9		
1568	15.6800	-2	8		
1569	15.6900	-2	8		
1570	15.7000	-3	7		
1571	15.7100	-3	6		
1572	15.7200	-3	6		
1573	15.7300	-4	5		
1574	15.7400	-4	4		
1575	15.7500	-4	4		
1576	15.7600	-4	3		
1577	15.7700	-4	2		
1578	15.7800	-4	1		
1579	15.7900	-4	0		
1580	15.8000	-5	0		
1581	15.8100	-5	-1		
1582	15.8200	-5	-2		
1583	15.8300	-6	-3		
1584	15.8400	-6	-4		
1585	15.8500	-6	-5		
1586	15.8600	-6	-6		
1587	15.8700	-6	-6		
1588	15.8800	-6	-7		
1589	15.8900	-6	-8		
1590	15.9000	-6	-8		
1591	15.9100	-7	-9		
1592	15.9200	-7	-10		
1593	15.9300	-7	-10		
1594	15.9400	-7	-11		
1595	15.9500	-7	-12		
1596	15.9600	-7	-12		
1597	15.9700	-8	-13		
1598	15.9800	-8	-14		
1599	15.9900	-8	-14		
1600	16.0000	-8	-14		
1601	16.0100	-8	-14		
1602	16.0200	-8	-15		
1603	16.0300	-8	-15		
1604	16.0400	-8	-16		
1605	16.0500	-8	-16		
1606	16.0600	-8	-16		
1607	16.0700	-8	-16		
1608	16.0800	-8	-16		
1609	16.0900	-8	-16		
1610	16.1000	-7	-16		
1611	16.1100	-7	-16		
1612	16.1200	-7	-16		
1613	16.1300	-7	-15		
1614	16.1400	-7	-15		
1615	16.1500	-7	-15		
1616	16.1600	-6	-14		
1617	16.1700	-6	-14		
1618	16.1800	-6	-14		
1619	16.1900	-6	-13		
1620	16.2000	-6	-12		
1621	16.2100	-6	-12		
1622	16.2200	-6	-11		
1623	16.2300	-6	-11		
1624	16.2400	-5	-10		
1625	16.2500	-5	-10		
1626	16.2600	-5	-9		
1627	16.2700	-5	-8		
1628	16.2800	-4	-7		
1629	16.2900	-4	-6		
1630	16.3000	-4	-6		
1631	16.3100	-4	-5		
1632	16.3200	-4	-4		
1633	16.3300	-4	-3		
1634	16.3400	-4	-2		
1635	16.3500	-3	-2		
1636	16.3600	-3	0		
1637	16.3700	-3	0		
1638	16.3800	-3	1		
1639	16.3900	-2	2		
1640	16.4000	-2	3		
1641	16.4100	-2	4		
1642	16.4200	-2	4		
1643	16.4300	-2	5		
1644	16.4400	-2	6		
1645	16.4500	-2	6		
1646	16.4600	-2	7		
1647	16.4700	-1	8		
1648	16.4800	-1	8		
1649	16.4900	-1	9		
1650	16.5000	-1	10		
1651	16.5100	-1	10		
1652	16.5200	-1	11		
1653	16.5300	-1	11		
1654	16.5400	-1	12		
1655	16.5500	-1	12		
1656	16.5600	0	12		
1657	16.5700	0	12		
1658	16.5800	0	13		
1659	16.5900	0	13		
1660	16.6000	0	13		
1661	16.6100	0	13		
1662	16.6200	-1	13		
1663	16.6300	-1	13		
1664	16.6400	-1	13		
1665	16.6500	-1	13		
1666	16.6600	-1	13		
1667	16.6700	-1	12		
1668	16.6800	-1	12		
1669	16.6900	-1	12		
1670	16.7000	-2	12		
1671	16.7100	-2	11		
1672	16.7200	-2	11		
1673	16.7300	-2	10		
1674	16.7400	-2	10		
1675	16.7500	-2	9		
1676	16.7600	-2	9		
1677	16.7700	-2	8		
1678	16.7800	-3	8		
1679	16.7900	-3	7		
1680	16.8000	-3	6		
1681	16.8100	-3	5		
1682	16.8200	-4	4		
1683	16.8300	-4	4		
1684	16.8400	-4	3		
1685	16.8500	-4	2		
1686	16.8600	-4	1		
1687	16.8700	-4	0		
1688	16.8800	-5	0		
1689	16.8900	-5	-1		
1690	16.9000	-5	-2		
1691	16.9100	-6	-3		
1692	16.9200	-6	-4		
1693	16.9300	-6	-4		
1694	16.9400	-6	-5		
1695	16.9500	-6	-6		
1696	16.9600	-6	-7		
1697	16.9700	-6	-8		
1698	16.9800	-6	-8		
1699	16.9900	-7	-9		
1700	17.0000	-7	-10		
1701	17.0100	-7	-10		
1702	17.0200	-7	-11		
1703	17.0300	-7	-12		
1704	17.0400	-7	-12		
1705	17.0500	-8	-13		
1706	17.0600	-8	-14		
1707	17.0700	-8	-14		
1708	17.0800	-8	-14		
1709	17.0900	-8	-14		
1710	17.1000	-8	-15		
1711	17.1100	-8	-15		
1712	17.1200	-8	-16		
1713	17.1300	-8	-16		
1714	17.1400	-8	-16		
1715	17.1500	-8	-16		
1716	17.1600	-8	-16		
1717	17.1700	-8	-16		
1718	17.1800	-7	-16		
1719	17.1900	-7	-16		
1720	17.2000	-7	-16		
1721	17.2100	-7	-15		
1722	17.2200	-7	-15		
1723	17.2300	-7	-15		
1724	17.2400	-6	-14		
1725	17.2500	-6	-14		
1726	17.2600	-6	-14		
1727	17.2700	-6	-13		
1728	17.2800	-6	-12		
1729	17.2900	-6	-12		
1730	17.3000	-6	-11		
1731	17.3100	-6	-11		
1732	17.3200	-5	-10		
1733	17.3300	-5	-10		
1734	17.3400	-5	-9		
1735	17.3500	-5	-8		
1736	17.3600	-4	-7		
1737	17.3700	-4	-6		
1738	17.3800	-4	-6		
1739	17.3900	-4	-5		
1740	17.4000	-4	-4		
1741	17.4100	-4	-3		
1742	17.4200	-4	-2		
1743	17.4300	-3	-2		
1744	17.4400	-3	0		
1745	17.4500	-3	0		
1746	17.4600	-3	1		
1747	17.4700	-2	2		
1748	17.4800	-2	3		
1749	17.4900	-2	4		
1750	17.5000	-2	4		
1751	17.5100	-2	5		
1752	17.5200	-2	6		
1753	17.5300	-2	6		
1754	17.5400	-2	7		
1755	17.5500	-1	8		
1756	17.5600	-1	8		
1757	17.5700	-1	9		
1758	17.5800	-1	10		
1759	17.5900	-1	10		
1760	17.6000	-1	11		
1761	17.6100	-1	11		
1762	17.6200	-1	12		
1763	17.6300	0	12		
1764	17.6400	0	12		
1765	17.6500	0	12		
1766	17.6600	0	13		
1767	17.6700	0	13		
1768	17.6800	0	13		
1769	17.6900	0	13		
1770	17.7000	0	13		
1771	17.7100	-1	13		
1772	17.7200	-1	13		
1773	17.7300	-1	13		
1774	17.7400	-1	13		
1775	17.7500	-1	12		
1776	17.7600	-1	12		
1777	17.7700	-1	12		
1778	17.7800	-2	12		
1779	17.7900	-2	11		
1780	17.8000	-2	11		
1781	17.8100	-2	10		
1782	17.8200	-2	10		
1783	17.8300	-2	9		
1784	17.8400	-2	9		
1785	17.8500	-2	8		
1786	17.8600	-3	8		
1787	17.8700	-3	7		
1788	17.8800	-3	6		
1789	17.8900	-4	5		
1790	17.9000	-4	4		
1791	17.9100	-4	4		
1792	17.9200	-4	3		
1793	17.9300	-4	2		
1794	17.9400	-4	1		
1795	17.9500	-4	0		
1796	17.9600	-5	0		
1797	17.9700	-5	-1		
1798	17.9800	-5	-2		
1799	17.9900	-6	-3		
1800	18.0000	-6	-4		
1801	18.0100	-6	-4		
1802	18.0200	-6	-5		
1803	18.0300	-6	-6		
1804	18.0400	-6	-7		
1805	18.0500	-6	-8		
1806	18.0600	-6	-8		
1807	18.0700	-7	-9		
1808	18.0800	-7	-10		
1809	18.0900	-7	-10		
1810	18.1000	-7	-11		
1811	18.1100	-7	-12		
1812	18.1200	-7	-12		
1813	18.1300	-7	-13		
1814	18.1400	-8	-13		
1815	18.1500	-8	-14		
1816	18.1600	-8	-14		
1817	18.1700	-8	-14		
1818	18.1800	-8	-15		
1819	18.1900	-8	-15		
1820	18.2000	-8	-16		
1821	18.2100	-8	-16		
1822	18.2200	-8	-16		
1823	18.2300	-8	-16		
1824	18.2400	-8	-16		
1825	18.2500	-8	-16		
1826	18.2600	-7	-16		
1827	18.2700	-7	-16		
1828	18.2800	-7	-16		
1829	18.2900	-7	-15		
1830	18.3000	-7	-15		
1831	18.3100	-7	-15		
1832	18.3200	-7	-14		
1833	18.3300	-6	-14		
1834	18.3400	-6	-14		
1835	18.3500	-6	-13		
1836	18.3600	-6	-12		
1837	18.3700	-6	-12		
1838	18.3800	-6	-12		
1839	18.3900	-6	-11		
1840	18.4000	-5	-10		
1841	18.4100	-5	-10		
1842	18.4200	-5	-9		
1843	18.4300	-5	-8		
1844	18.4400	-4	-7		
1845	18.4500	-4	-6		
1846	18.4600	-4	-6		
1847	18.4700	-4	-5		
1848	18.4800	-4	-4		
1849	18.4900	-4	-3		
1850	18.5000	-4	-2		
1851	18.5100	-3	-2		
1852	18.5200	-3	0		
1853	18.5300	-3	0		
1854	18.5400	-3	1		
1855	18.5500	-2	2		
1856	18.5600	-2	3		
1857	18.5700	-2	4		
1858	18.5800	-2	4		
1859	18.5900	-2	5		
1860	18.6000	-2	6		
1861	18.6100	-2	6		
1862	18.6200	-2	7		
1863	18.6300	-1	8		
1864	18.6400	-1	8		
1865	18.6500	-1	9		
1866	18.6600	-1	10		
1867	18.6700	-1	10		
1868	18.6800	-1	11		
1869	18.6900	-1	11		
1870	18.7000	-1	12		
1871	18.7100	-1	12		
1872	18.7200	-1	12		
1873	18.7300	0	12		
1874	18.7400	0	13		
1875	18.7500	0	13		
1876	18.7600	-1	13		
1877	18.7700	-1	13		
1878	18.7800	-1	13		
1879	18.7900	-1	13		
1880	18.8000	-1	13		
1881	18.8100	-1	13		
1882	18.8200	-1	13		
1883	18.8300	-1	12		
1884	18.8400	-1	12		
1885	18.8500	-1	12		
1886	18.8600	-2	12		
1887	18.8700	-2	11		
1888	18.8800	-2	11		
1889	18.8900	-2	10		
1890	18.9000	-2	10		
1891	18.9100	-2	9		
1892	18.9200	-2	9		
1893	18.9300	-2	8		
1894	18.9400	-3	8		
1895	18.9500	-3	7		
1896	18.9600	-3	6		
1897	18.9700	-4	5		
1898	18.9800	-4	4		
1899	18.9900	-4	4		
1900	19.0000	-4	3		
1901	19.0100	-4	2		
1902	19.0200	-4	1		
1903	19.0300	-5	0		
1904	19.0400	-5	0		
1905	19.0500	-5	-1		
1906	19.0600	-5	-2		
1907	19.0700	-6	-3		
1908	19.0800	-6	-4		
1909	19.0900	-6	-4		
1910	19.1000	-6	-6		
1911	19.1100	-6	-6		
1912	19.1200	-6	-7		
1913	19.1300	-6	-8		
1914	19.1400	-7	-8		
1915	19.1500	-7	-9		
1916	19.1600	-7	-10		
1917	19.1700	-7	-10		
1918	19.1800	-7	-11		
1919	19.1900	-7	-12		
1920	19.2000	-8	-12		
1921	19.2100	-8	-13		
1922	19.2200	-8	-14		
1923	19.2300	-8	-14		
1924	19.2400	-8	-14		
1925	19.2500	-8	-14		
1926	19.2600	-8	-15		
1927	19.2700	-8	-15		
1928	19.2800	-8	-16		
1929	19.2900	-8	-16		
1930	19.3000	-8	-16		
1931	19.3100	-8	-16		
1932	19.3200	-8	-16		
1933	19.3300	-8	-16		
1934	19.3400	-8	-16		
1935	19.3500	-7	-16		
1936	19.3600	-7	-16		
1937	19.3700	-7	-15		
1938	19.3800	-7	-15		
1939	19.3900	-7	-15		
1940	19.4000	-7	-14		
1941	19.4100	-6	-14		
1942	19.4200	-6	-14		
1943	19.4300	-6	-13		
1944	19.4400	-6	-13		
1945	19.4500	-6	-12		
1946	19.4600	-6	-12		
1947	19.4700	-6	-11		
1948	19.4800	-6	-10		
1949	19.4900	-5	-10		
1950	19.5000	-5	-9		
1951	19.5100	-5	-8		
1952	19.5200	-4	-7		
1953	19.5300	-4	-6		
1954	19.5400	-4	-6		
1955	19.5500	-4	-5		
1956	19.5600	-4	-4		
1957	19.5700	-4	-3		
1958	19.5800	-4	-2		
1959	19.5900	-3	-2		
1960	19.6000	-3	-1		
1961	19.6100	-3	0		
1962	19.6200	-3	1		
1963	19.6300	-2	2		
1964	19.6400	-2	2		
1965	19.6500	-2	3		
1966	19.6600	-2	4		
1967	19.6700	-2	5		
1968	19.6800	-2	6		
1969	19.6900	-2	6		
1970	19.7000	-2	7		
1971	19.7100	-1	8		
1972	19.7200	-1	8		
1973	19.7300	-1	9		
1974	19.7400	-1	10		
1975	19.7500	-1	10		
1976	19.7600	-1	11		
1977	19.7700	-1	11		
1978	19.7800	-1	12		
1979	19.7900	-1	12		
1980	19.8000	0	12		
1981	19.8100	0	12		
1982	19.8200	0	13		
1983	19.8300	0	13		
1984	19.8400	0	13		
1985	19.8500	-1	13		
1986	19.8600	-1	13		
1987	19.8700	-1	13		
1988	19.8800	-1	13		
1989	19.8900	-1	13		
1990	19.9000	-1	13		
1991	19.9100	-1	12		
1992	19.9200	-1	12		
1993	19.9300	-1	12		
1994	19.9400	-2	12		
1995	19.9500	-2	12		
1996	19.9600	-2	11		
1997	19.9700	-2	10		
1998	19.9800	-2	10		
1999	19.9900	-2	10		
2000	20.0000	-2	9		
