#	time(s)	count A	count B	count C	count D
1	0.0100	-8	5		
2	0.0200	-7	4		
3	0.0300	-6	2		
4	0.0400	-6	0		
5	0.0500	-6	-2		
6	0.0600	-5	-3		
7	0.0700	-4	-5		
8	0.0800	-4	-6		
9	0.0900	-3	-8		
10	0.1000	-3	-10		
11	0.1100	-2	-12		
12	0.1200	-2	-13		
13	0.1300	-1	-14		
14	0.1400	-1	-16		
15	0.1500	0	-17		
16	0.1600	0	-18		
17	0.1700	0	-20		
18	0.1800	1	-21		
19	0.1900	2	-22		
20	0.2000	2	-23		
21	0.2100	2	-24		
22	0.2200	2	-25		
23	0.2300	3	-25		
24	0.2400	3	-26		
25	0.2500	3	-26		
26	0.2600	3	-27		
27	0.2700	4	-27		
28	0.2800	4	-27		
29	0.2900	4	-27		
30	0.3000	4	-27		
31	0.3100	4	-27		
32	0.3200	4	-26		
33	0.3300	4	-26		
34	0.3400	4	-26		
35	0.3500	4	-25		
36	0.3600	4	-24		
37	0.3700	3	-23		
38	0.3800	3	-22		
39	0.3900	3	-21		
40	0.4000	2	-20		
41	0.4100	2	-19		
42	0.4200	2	-18		
43	0.4300	2	-16		
44	0.4400	1	-14		
45	0.4500	1	-13		
46	0.4600	0	-12		
47	0.4700	0	-10		
48	0.4800	0	-8		
49	0.4900	-1	-7		
50	0.5000	-2	-5		
51	0.5100	-2	-3		
52	0.5200	-2	-2		
53	0.5300	-3	0		
54	0.5400	-4	2		
55	0.5500	-4	4		
56	0.5600	-5	5		
57	0.5700	-5	7		
58	0.5800	-6	8		
59	0.5900	-6	10		
60	0.6000	-7	12		
61	0.6100	-7	13		
62	0.6200	-8	14		
63	0.6300	-8	16		
64	0.6400	-9	17		
65	0.6500	-9	18		
66	0.6600	-10	19		
67	0.6700	-10	20		
68	0.6800	-10	21		
69	0.6900	-10	22		
70	0.7000	-11	22		
71	0.7100	-11	23		
72	0.7200	-11	23		
73	0.7300	-12	24		
74	0.7400	-12	24		
75	0.7500	-12	24		
76	0.7600	-12	24		
77	0.7700	-12	24		
78	0.7800	-12	24		
79	0.7900	-12	24		
80	0.8000	-12	23		
81	0.8100	-12	22		
82	0.8200	-12	22		
83	0.8300	-12	21		
84	0.8400	-12	20		
85	0.8500	-11	19		
86	0.8600	-11	18		
87	0.8700	-10	17		
88	0.8800	-10	16		
89	0.8900	-10	14		
90	0.9000	-10	13		
91	0.9100	-9	12		
92	0.9200	-9	10		
93	0.9300	-8	9		
94	0.9400	-8	7		
95	0.9500	-7	6		
96	0.9600	-7	4		
97	0.9700	-6	2		
98	0.9800	-6	0		
99	0.9900	-6	-1		
100	1.0000	-5	-3		
101	1.0100	-4	-4		
102	1.0200	-4	-6		
103	1.0300	-3	-8		
104	1.0400	-3	-10		
105	1.0500	-2	-11		
106	1.0600	-2	-12		
107	1.0700	-1	-14		
108	1.0800	-1	-16		
109	1.0900	0	-17		
110	1.1000	0	-18		
111	1.1100	0	-20		
112	1.1200	1	-20		
113	1.1300	2	-22		
114	1.1400	2	-22		
115	1.1500	2	-24		
116	1.1600	2	-24		
117	1.1700	3	-25		
118	1.1800	3	-26		
119	1.1900	3	-26		
120	1.2000	3	-26		
121	1.2100	4	-26		
122	1.2200	4	-26		
123	1.2300	4	-27		
124	1.2400	4	-26		
125	1.2500	4	-26		
126	1.2600	4	-26		
127	1.2700	4	-26		
128	1.2800	4	-25		
129	1.2900	4	-24		
130	1.3000	4	-24		
131	1.3100	3	-23		
132	1.3200	3	-22		
133	1.3300	3	-21		
134	1.3400	2	-20		
135	1.3500	2	-18		
136	1.3600	2	-17		
137	1.3700	2	-16		
138	1.3800	1	-14		
139	1.3900	1	-13		
140	1.4000	0	-12		
141	1.4100	0	-10		
142	1.4200	-1	-8		
143	1.4300	-1	-7		
144	1.4400	-2	-5		
145	1.4500	-2	-4		
146	1.4600	-3	-2		
147	1.4700	-3	0		
148	1.4800	-4	2		
149	1.4900	-4	3		
150	1.5000	-5	5		
151	1.5100	-6	6		
152	1.5200	-6	8		
153	1.5300	-6	10		
154	1.5400	-7	11		
155	1.5500	-8	12		
156	1.5600	-8	14		
157	1.5700	-8	15		
158	1.5800	-9	16		
159	1.5900	-9	18		
160	1.6000	-10	18		
161	1.6100	-10	20		
162	1.6200	-10	20		
163	1.6300	-10	21		
164	1.6400	-11	22		
165	1.6500	-11	22		
166	1.6600	-12	23		
167	1.6700	-12	23		
168	1.6800	-12	23		
169	1.6900	-12	24		
170	1.7000	-12	24		
171	1.7100	-12	24		
172	1.7200	-12	23		
173	1.7300	-12	23		
174	1.7400	-12	22		
175	1.7500	-12	22		
176	1.7600	-12	21		
177	1.7700	-12	20		
178	1.7800	-11	20		
179	1.7900	-11	19		
180	1.8000	-11	18		
181	1.8100	-10	16		
182	1.8200	-10	16		
183	1.8300	-10	14		
184	1.8400	-10	13		
185	1.8500	-9	12		
186	1.8600	-8	10		
187	1.8700	-8	8		
188	1.8800	-8	7		
189	1.8900	-7	5		
190	1.9000	-6	4		
191	1.9100	-6	2		
192	1.9200	-6	0		
193	1.9300	-5	-1		
194	1.9400	-4	-3		
195	1.9500	-4	-4		
196	1.9600	-4	-6		
197	1.9700	-3	-8		
198	1.9800	-2	-9		
199	1.9900	-2	-11		
200	2.0000	-2	-12		
201	2.0100	-1	-14		
202	2.0200	0	-15		
203	2.0300	0	-16		
204	2.0400	0	-18		
205	2.0500	1	-19		
206	2.0600	1	-20		
207	2.0700	2	-21		
208	2.0800	2	-22		
209	2.0900	2	-23		
210	2.1000	2	-24		
211	2.1100	3	-24		
212	2.1200	3	-25		
213	2.1300	3	-25		
214	2.1400	4	-26		
215	2.1500	4	-26		
216	2.1600	4	-26		
217	2.1700	4	-26		
218	2.1800	4	-26		
219	2.1900	4	-26		
220	2.2000	4	-25		
221	2.2100	4	-25		
222	2.2200	4	-24		
223	2.2300	4	-24		
224	2.2400	4	-23		
225	2.2500	3	-22		
226	2.2600	3	-21		
227	2.2700	3	-20		
228	2.2800	2	-19		
229	2.2900	2	-18		
230	2.3000	2	-17		
231	2.3100	2	-15		
232	2.3200	1	-14		
233	2.3300	0	-12		
234	2.3400	0	-11		
235	2.3500	0	-10		
236	2.3600	-1	-8		
237	2.3700	-1	-6		
238	2.3800	-2	-5		
239	2.3900	-2	-3		
240	2.4000	-3	-2		
241	2.4100	-4	0		
242	2.4200	-4	2		
243	2.4300	-4	3		
244	2.4400	-5	5		
245	2.4500	-6	6		
246	2.4600	-6	8		
247	2.4700	-6	10		
248	2.4800	-7	11		
249	2.4900	-8	12		
250	2.5000	-8	14		
251	2.5100	-8	15		
252	2.5200	-9	16		
253	2.5300	-9	17		
254	2.5400	-10	18		
255	2.5500	-10	19		
256	2.5600	-10	20		
257	2.5700	-11	20		
258	2.5800	-11	21		
259	2.5900	-11	22		
260	2.6000	-12	22		
261	2.6100	-12	22		
262	2.6200	-12	23		
263	2.6300	-12	23		
264	2.6400	-12	23		
265	2.6500	-12	23		
266	2.6600	-12	22		
267	2.6700	-12	22		
268	2.6800	-12	22		
269	2.6900	-12	21		
270	2.7000	-12	20		
271	2.7100	-12	20		
272	2.7200	-11	19		
273	2.7300	-11	18		
274	2.7400	-10	17		
275	2.7500	-10	16		
276	2.7600	-10	15		
277	2.7700	-10	14		
278	2.7800	-9	12		
279	2.7900	-9	11		
280	2.8000	-8	10		
281	2.8100	-8	8		
282	2.8200	-8	6		
283	2.8300	-7	5		
284	2.8400	-6	3		
285	2.8500	-6	2		
286	2.8600	-6	0		
287	2.8700	-5	-2		
288	2.8800	-4	-3		
289	2.8900	-4	-5		
290	2.9000	-4	-6		
291	2.9100	-3	-8		
292	2.9200	-2	-10		
293	2.9300	-2	-11		
294	2.9400	-2	-12		
295	2.9500	-1	-14		
296	2.9600	0	-15		
297	2.9700	0	-16		
298	2.9800	0	-18		
299	2.9900	1	-19		
300	3.0000	1	-20		
301	3.0100	2	-21		
302	3.0200	2	-22		
303	3.0300	2	-22		
304	3.0400	2	-23		
305	3.0500	3	-24		
306	3.0600	3	-24		
307	3.0700	3	-25		
308	3.0800	4	-25		
309	3.0900	4	-25		
310	3.1000	4	-25		
311	3.1100	4	-25		
312	3.1200	4	-25		
313	3.1300	4	-25		
314	3.1400	4	-24		
315	3.1500	4	-24		
316	3.1600	4	-24		
317	3.1700	4	-23		
318	3.1800	4	-22		
319	3.1900	3	-21		
320	3.2000	3	-20		
321	3.2100	3	-20		
322	3.2200	2	-18		
323	3.2300	2	-17		
324	3.2400	2	-16		
325	3.2500	1	-14		
326	3.2600	1	-13		
327	3.2700	0	-12		
328	3.2800	0	-10		
329	3.2900	0	-9		
330	3.3000	-1	-7		
331	3.3100	-2	-6		
332	3.3200	-2	-4		
333	3.3300	-2	-2		
334	3.3400	-3	-1		
335	3.3500	-4	0		
336	3.3600	-4	2		
337	3.3700	-4	4		
338	3.3800	-5	5		
339	3.3900	-6	7		
340	3.4000	-6	8		
341	3.4100	-7	10		
342	3.4200	-7	11		
343	3.4300	-8	12		
344	3.4400	-8	14		
345	3.4500	-8	15		
346	3.4600	-9	16		
347	3.4700	-10	17		
348	3.4800	-10	18		
349	3.4900	-10	19		
350	3.5000	-10	20		
351	3.5100	-11	20		
352	3.5200	-11	21		
353	3.5300	-11	21		
354	3.5400	-12	22		
355	3.5500	-12	22		
356	3.5600	-12	22		
357	3.5700	-12	22		
358	3.5800	-12	22		
359	3.5900	-12	22		
360	3.6000	-12	22		
361	3.6100	-12	22		
362	3.6200	-12	21		
363	3.6300	-12	20		
364	3.6400	-12	20		
365	3.6500	-11	19		
366	3.6600	-11	18		
367	3.6700	-11	17		
368	3.6800	-10	16		
369	3.6900	-10	15		
370	3.7000	-10	14		
371	3.7100	-10	13		
372	3.7200	-9	11		
373	3.7300	-9	10		
374	3.7400	-8	8		
375	3.7500	-8	7		
376	3.7600	-7	6		
377	3.7700	-7	4		
378	3.7800	-6	2		
379	3.7900	-6	1		
380	3.8000	-6	0		
381	3.8100	-5	-2		
382	3.8200	-4	-4		
383	3.8300	-4	-5		
384	3.8400	-3	-7		
385	3.8500	-3	-8		
386	3.8600	-2	-10		
387	3.8700	-2	-11		
388	3.8800	-1	-13		
389	3.8900	-1	-14		
390	3.9000	0	-15		
391	3.9100	0	-16		
392	3.9200	0	-18		
393	3.9300	1	-19		
394	3.9400	2	-20		
395	3.9500	2	-21		
396	3.9600	2	-22		
397	3.9700	2	-22		
398	3.9800	3	-23		
399	3.9900	3	-24		
400	4.0000	3	-24		
401	4.0100	4	-24		
402	4.0200	4	-24		
403	4.0300	4	-25		
404	4.0400	4	-25		
405	4.0500	4	-25		
406	4.0600	4	-24		
407	4.0700	4	-24		
408	4.0800	4	-24		
409	4.0900	4	-24		
410	4.1000	4	-23		
411	4.1100	4	-22		
412	4.1200	3	-22		
413	4.1300	3	-20		
414	4.1400	3	-20		
415	4.1500	2	-18		
416	4.1600	2	-18		
417	4.1700	2	-16		
418	4.1800	2	-15		
419	4.1900	1	-14		
420	4.2000	1	-12		
421	4.2100	0	-11		
422	4.2200	0	-10		
423	4.2300	0	-8		
424	4.2400	-1	-6		
425	4.2500	-2	-5		
426	4.2600	-2	-4		
427	4.2700	-3	-2		
428	4.2800	-3	0		
429	4.2900	-4	1		
430	4.3000	-4	3		
431	4.3100	-5	4		
432	4.3200	-5	6		
433	4.3300	-6	7		
434	4.3400	-6	9		
435	4.3500	-7	10		
436	4.3600	-8	12		
437	4.3700	-8	13		
438	4.3800	-8	14		
439	4.3900	-9	15		
440	4.4000	-9	16		
441	4.4100	-10	17		
442	4.4200	-10	18		
443	4.4300	-10	19		
444	4.4400	-10	20		
445	4.4500	-11	20		
446	4.4600	-11	21		
447	4.4700	-11	21		
448	4.4800	-12	22		
449	4.4900	-12	22		
450	4.5000	-12	22		
451	4.5100	-12	22		
452	4.5200	-12	22		
453	4.5300	-12	22		
454	4.5400	-12	21		
455	4.5500	-12	21		
456	4.5600	-12	20		
457	4.5700	-12	20		
458	4.5800	-12	19		
459	4.5900	-11	18		
460	4.6000	-11	17		
461	4.6100	-11	16		
462	4.6200	-10	15		
463	4.6300	-10	14		
464	4.6400	-10	13		
465	4.6500	-10	12		
466	4.6600	-9	10		
467	4.6700	-8	9		
468	4.6800	-8	8		
469	4.6900	-8	6		
470	4.7000	-7	5		
471	4.7100	-7	3		
472	4.7200	-6	2		
473	4.7300	-6	0		
474	4.7400	-5	-2		
475	4.7500	-5	-3		
476	4.7600	-4	-4		
477	4.7700	-4	-6		
478	4.7800	-3	-8		
479	4.7900	-2	-9		
480	4.8000	-2	-10		
481	4.8100	-2	-12		
482	4.8200	-1	-13		
483	4.8300	0	-14		
484	4.8400	0	-16		
485	4.8500	0	-17		
486	4.8600	1	-18		
487	4.8700	1	-19		
488	4.8800	2	-20		
489	4.8900	2	-21		
490	4.9000	2	-22		
491	4.9100	2	-22		
492	4.9200	3	-23		
493	4.9300	3	-24		
494	4.9400	3	-24		
495	4.9500	4	-24		
496	4.9600	4	-24		
497	4.9700	4	-24		
498	4.9800	4	-24		
499	4.9900	4	-24		
500	5.0000	4	-24		
501	5.0100	4	-24		
502	5.0200	4	-23		
503	5.0300	4	-23		
504	5.0400	4	-22		
505	5.0500	4	-22		
506	5.0600	3	-20		
507	5.0700	3	-20		
508	5.0800	3	-19		
509	5.0900	2	-18		
510	5.1000	2	-16		
511	5.1100	2	-15		
512	5.1200	2	-14		
513	5.1300	1	-13		
514	5.1400	0	-12		
515	5.1500	0	-10		
516	5.1600	0	-8		
517	5.1700	-1	-7		
518	5.1800	-1	-6		
519	5.1900	-2	-4		
520	5.2000	-2	-2		
521	5.2100	-3	-1		
522	5.2200	-4	1		
523	5.2300	-4	2		
524	5.2400	-4	4		
525	5.2500	-5	5		
526	5.2600	-6	7		
527	5.2700	-6	8		
528	5.2800	-6	10		
529	5.2900	-7	11		
530	5.3000	-8	12		
531	5.3100	-8	13		
532	5.3200	-8	14		
533	5.3300	-9	16		
534	5.3400	-9	16		
535	5.3500	-10	18		
536	5.3600	-10	18		
537	5.3700	-10	19		
538	5.3800	-10	20		
539	5.3900	-11	20		
540	5.4000	-11	21		
541	5.4100	-12	21		
542	5.4200	-12	21		
543	5.4300	-12	22		
544	5.4400	-12	22		
545	5.4500	-12	22		
546	5.4600	-12	21		
547	5.4700	-12	21		
548	5.4800	-12	21		
549	5.4900	-12	20		
550	5.5000	-12	20		
551	5.5100	-12	19		
552	5.5200	-12	18		
553	5.5300	-11	18		
554	5.5400	-11	16		
555	5.5500	-11	16		
556	5.5600	-10	14		
557	5.5700	-10	13		
558	5.5800	-10	12		
559	5.5900	-9	11		
560	5.6000	-9	10		
561	5.6100	-8	8		
562	5.6200	-8	6		
563	5.6300	-8	5		
564	5.6400	-7	4		
565	5.6500	-6	2		
566	5.6600	-6	0		
567	5.6700	-6	-1		
568	5.6800	-5	-2		
569	5.6900	-4	-4		
570	5.7000	-4	-6		
571	5.7100	-4	-7		
572	5.7200	-3	-8		
573	5.7300	-2	-10		
574	5.7400	-2	-12		
575	5.7500	-2	-13		
576	5.7600	-1	-14		
577	5.7700	0	-15		
578	5.7800	0	-16		
579	5.7900	0	-18		
580	5.8000	1	-19		
581	5.8100	1	-20		
582	5.8200	2	-20		
583	5.8300	2	-22		
584	5.8400	2	-22		
585	5.8500	2	-23		
586	5.8600	3	-23		
587	5.8700	3	-24		
588	5.8800	3	-24		
589	5.8900	4	-24		
590	5.9000	4	-24		
591	5.9100	4	-24		
592	5.9200	4	-24		
593	5.9300	4	-24		
594	5.9400	4	-24		
595	5.9500	4	-24		
596	5.9600	4	-23		
597	5.9700	4	-22		
598	5.9800	4	-22		
599	5.9900	4	-21		
600	6.0000	3	-20		
601	6.0100	3	-19		
602	6.0200	3	-18		
603	6.0300	2	-17		
604	6.0400	2	-16		
605	6.0500	2	-14		
606	6.0600	1	-13		
607	6.0700	1	-12		
608	6.0800	0	-10		
609	6.0900	0	-9		
610	6.1000	0	-8		
611	6.1100	-1	-6		
612	6.1200	-2	-4		
613	6.1300	-2	-3		
614	6.1400	-2	-2		
615	6.1500	-3	0		
616	6.1600	-4	2		
617	6.1700	-4	3		
618	6.1800	-4	4		
619	6.1900	-5	6		
620	6.2000	-6	8		
621	6.2100	-6	9		
622	6.2200	-6	10		
623	6.2300	-7	12		
624	6.2400	-8	13		
625	6.2500	-8	14		
626	6.2600	-8	15		
627	6.2700	-9	16		
628	6.2800	-10	17		
629	6.2900	-10	18		
630	6.3000	-10	19		
631	6.3100	-10	20		
632	6.3200	-11	20		
633	6.3300	-11	20		
634	6.3400	-11	21		
635	6.3500	-12	21		
636	6.3600	-12	22		
637	6.3700	-12	22		
638	6.3800	-12	22		
639	6.3900	-12	22		
640	6.4000	-12	21		
641	6.4100	-12	21		
642	6.4200	-12	20		
643	6.4300	-12	20		
644	6.4400	-12	20		
645	6.4500	-12	19		
646	6.4600	-11	18		
647	6.4700	-11	17		
648	6.4800	-11	16		
649	6.4900	-10	15		
650	6.5000	-10	14		
651	6.5100	-10	13		
652	6.5200	-10	12		
653	6.5300	-9	10		
654	6.5400	-9	9		
655	6.5500	-8	7		
656	6.5600	-8	6		
657	6.5700	-7	4		
658	6.5800	-7	3		
659	6.5900	-6	1		
660	6.6000	-6	0		
661	6.6100	-6	-2		
662	6.6200	-5	-3		
663	6.6300	-4	-5		
664	6.6400	-4	-6		
665	6.6500	-3	-8		
666	6.6600	-3	-9		
667	6.6700	-2	-11		
668	6.6800	-2	-12		
669	6.6900	-1	-14		
670	6.7000	-1	-15		
671	6.7100	0	-16		
672	6.7200	0	-17		
673	6.7300	0	-18		
674	6.7400	1	-19		
675	6.7500	2	-20		
676	6.7600	2	-21		
677	6.7700	2	-22		
678	6.7800	2	-22		
679	6.7900	3	-23		
680	6.8000	3	-24		
681	6.8100	3	-24		
682	6.8200	4	-24		
683	6.8300	4	-24		
684	6.8400	4	-24		
685	6.8500	4	-24		
686	6.8600	4	-24		
687	6.8700	4	-24		
688	6.8800	4	-24		
689	6.8900	4	-24		
690	6.9000	4	-23		
691	6.9100	4	-22		
692	6.9200	4	-22		
693	6.9300	3	-20		
694	6.9400	3	-20		
695	6.9500	3	-19		
696	6.9600	2	-18		
697	6.9700	2	-16		
698	6.9800	2	-15		
699	6.9900	2	-14		
700	7.0000	1	-13		
701	7.0100	1	-11		
702	7.0200	0	-10		
703	7.0300	0	-8		
704	7.0400	0	-7		
705	7.0500	-1	-6		
706	7.0600	-2	-4		
707	7.0700	-2	-2		
708	7.0800	-3	-1		
709	7.0900	-3	1		
710	7.1000	-4	2		
711	7.1100	-4	4		
712	7.1200	-5	5		
713	7.1300	-6	7		
714	7.1400	-6	8		
715	7.1500	-6	10		
716	7.1600	-7	11		
717	7.1700	-8	12		
718	7.1800	-8	14		
719	7.1900	-8	14		
720	7.2000	-9	16		
721	7.2100	-9	17		
722	7.2200	-10	18		
723	7.2300	-10	18		
724	7.2400	-10	19		
725	7.2500	-10	20		
726	7.2600	-11	20		
727	7.2700	-11	21		
728	7.2800	-12	21		
729	7.2900	-12	22		
730	7.3000	-12	22		
731	7.3100	-12	22		
732	7.3200	-12	22		
733	7.3300	-12	22		
734	7.3400	-12	21		
735	7.3500	-12	21		
736	7.3600	-12	20		
737	7.3700	-12	20		
738	7.3800	-12	19		
739	7.3900	-12	18		
740	7.4000	-11	18		
741	7.4100	-11	16		
742	7.4200	-11	16		
743	7.4300	-10	14		
744	7.4400	-10	13		
745	7.4500	-10	12		
746	7.4600	-9	11		
747	7.4700	-9	10		
748	7.4800	-8	8		
749	7.4900	-8	6		
750	7.5000	-8	5		
751	7.5100	-7	4		
752	7.5200	-6	2		
753	7.5300	-6	0		
754	7.5400	-6	-1		
755	7.5500	-5	-2		
756	7.5600	-4	-4		
757	7.5700	-4	-6		
758	7.5800	-4	-7		
759	7.5900	-3	-8		
760	7.6000	-2	-10		
761	7.6100	-2	-12		
762	7.6200	-2	-13		
763	7.6300	-1	-14		
764	7.6400	0	-16		
765	7.6500	0	-17		
766	7.6600	0	-18		
767	7.6700	1	-19		
768	7.6800	1	-20		
769	7.6900	2	-21		
770	7.7000	2	-22		
771	7.7100	2	-22		
772	7.7200	2	-23		
773	7.7300	3	-24		
774	7.7400	3	-24		
775	7.7500	3	-24		
776	7.7600	4	-24		
777	7.7700	4	-24		
778	7.7800	4	-24		
779	7.7900	4	-24		
780	7.8000	4	-24		
781	7.8100	4	-24		
782	7.8200	4	-24		
783	7.8300	4	-23		
784	7.8400	4	-22		
785	7.8500	4	-22		
786	7.8600	4	-21		
787	7.8700	3	-20		
788	7.8800	3	-19		
789	7.8900	3	-18		
790	7.9000	2	-17		
791	7.9100	2	-16		
792	7.9200	2	-14		
793	7.9300	2	-13		
794	7.9400	1	-12		
795	7.9500	0	-10		
796	7.9600	0	-9		
797	7.9700	0	-8		
798	7.9800	-1	-6		
799	7.9900	-1	-4		
800	8.0000	-2	-3		
801	8.0100	-2	-2		
802	8.0200	-3	0		
803	8.0300	-4	2		
804	8.0400	-4	3		
805	8.0500	-4	5		
806	8.0600	-5	6		
807	8.0700	-6	8		
808	8.0800	-6	9		
809	8.0900	-6	10		
810	8.1000	-7	12		
811	8.1100	-8	13		
812	8.1200	-8	14		
813	8.1300	-8	15		
814	8.1400	-9	16		
815	8.1500	-9	17		
816	8.1600	-10	18		
817	8.1700	-10	19		
818	8.1800	-10	20		
819	8.1900	-10	20		
820	8.2000	-11	21		
821	8.2100	-11	21		
822	8.2200	-12	22		
823	8.2300	-12	22		
824	8.2400	-12	22		
825	8.2500	-12	22		
826	8.2600	-12	22		
827	8.2700	-12	22		
828	8.2800	-12	21		
829	8.2900	-12	21		
830	8.3000	-12	20		
831	8.3100	-12	20		
832	8.3200	-12	19		
833	8.3300	-11	18		
834	8.3400	-11	17		
835	8.3500	-11	16		
836	8.3600	-10	15		
837	8.3700	-10	14		
838	8.3800	-10	13		
839	8.3900	-10	12		
840	8.4000	-9	10		
841	8.4100	-9	9		
842	8.4200	-8	7		
843	8.4300	-8	6		
844	8.4400	-8	4		
845	8.4500	-7	3		
846	8.4600	-6	1		
847	8.4700	-6	0		
848	8.4800	-6	-2		
849	8.4900	-5	-3		
850	8.5000	-4	-5		
851	8.5100	-4	-6		
852	8.5200	-3	-8		
853	8.5300	-3	-10		
854	8.5400	-2	-11		
855	8.5500	-2	-12		
856	8.5600	-1	-14		
857	8.5700	-1	-15		
858	8.5800	0	-16		
859	8.5900	0	-18		
860	8.6000	0	-18		
861	8.6100	1	-20		
862	8.6200	2	-20		
863	8.6300	2	-21		
864	8.6400	2	-22		
865	8.6500	2	-23		
866	8.6600	3	-23		
867	8.6700	3	-24		
868	8.6800	3	-24		
869	8.6900	4	-24		
870	8.7000	4	-24		
871	8.7100	4	-25		
872	8.7200	4	-25		
873	8.7300	4	-24		
874	8.7400	4	-24		
875	8.7500	4	-24		
876	8.7600	4	-24		
877	8.7700	4	-23		
878	8.7800	4	-22		
879	8.7900	4	-22		
880	8.8000	4	-21		
881	8.8100	3	-20		
882	8.8200	3	-19		
883	8.8300	3	-18		
884	8.8400	2	-16		
885	8.8500	2	-15		
886	8.8600	2	-14		
887	8.8700	1	-13		
888	8.8800	1	-11		
889	8.8900	0	-10		
890	8.9000	0	-8		
891	8.9100	0	-7		
892	8.9200	-1	-5		
893	8.9300	-2	-4		
894	8.9400	-2	-2		
895	8.9500	-2	0		
896	8.9600	-3	1		
897	8.9700	-4	2		
898	8.9800	-4	4		
899	8.9900	-4	6		
900	9.0000	-5	7		
901	9.0100	-6	8		
902	9.0200	-6	10		
903	9.0300	-6	11		
904	9.0400	-7	12		
905	9.0500	-8	14		
906	9.0600	-8	15		
907	9.0700	-8	16		
908	9.0800	-9	17		
909	9.0900	-10	18		
910	9.1000	-10	19		
911	9.1100	-10	20		
912	9.1200	-10	20		
913	9.1300	-11	21		
914	9.1400	-11	21		
915	9.1500	-11	22		
916	9.1600	-12	22		
917	9.1700	-12	22		
918	9.1800	-12	22		
919	9.1900	-12	22		
920	9.2000	-12	22		
921	9.2100	-12	22		
922	9.2200	-12	21		
923	9.2300	-12	21		
924	9.2400	-12	20		
925	9.2500	-12	20		
926	9.2600	-12	19		
927	9.2700	-11	18		
928	9.2800	-11	17		
929	9.2900	-11	16		
930	9.3000	-10	15		
931	9.3100	-10	14		
932	9.3200	-10	12		
933	9.3300	-10	11		
934	9.3400	-9	10		
935	9.3500	-8	8		
936	9.3600	-8	7		
937	9.3700	-8	5		
938	9.3800	-7	4		
939	9.3900	-7	2		
940	9.4000	-6	1		
941	9.4100	-6	-1		
942	9.4200	-5	-2		
943	9.4300	-5	-4		
944	9.4400	-4	-6		
945	9.4500	-4	-7		
946	9.4600	-3	-9		
947	9.4700	-2	-10		
948	9.4800	-2	-12		
949	9.4900	-2	-13		
950	9.5000	-1	-14		
951	9.5100	0	-16		
952	9.5200	0	-17		
953	9.5300	0	-18		
954	9.5400	1	-19		
955	9.5500	1	-20		
956	9.5600	2	-21		
957	9.5700	2	-22		
958	9.5800	2	-23		
959	9.5900	2	-23		
960	9.6000	3	-24		
961	9.6100	3	-24		
962	9.6200	3	-24		
963	9.6300	4	-25		
964	9.6400	4	-25		
965	9.6500	4	-25		
966	9.6600	4	-25		
967	9.6700	4	-25		
968	9.6800	4	-24		
969	9.6900	4	-24		
970	9.7000	4	-24		
971	9.7100	4	-23		
972	9.7200	4	-22		
973	9.7300	4	-22		
974	9.7400	4	-21		
975	9.7500	3	-20		
976	9.7600	3	-18		
977	9.7700	2	-18		
978	9.7800	2	-16		
979	9.7900	2	-15		
980	9.8000	2	-14		
981	9.8100	1	-12		
982	9.8200	1	-11		
983	9.8300	0	-10		
984	9.8400	0	-8		
985	9.8500	0	-6		
986	9.8600	-1	-5		
987	9.8700	-2	-3		
988	9.8800	-2	-2		
989	9.8900	-3	0		
990	9.9000	-3	2		
991	9.9100	-4	3		
992	9.9200	-4	5		
993	9.9300	-5	6		
994	9.9400	-5	8		
995	9.9500	-6	9		
996	9.9600	-6	10		
997	9.9700	-7	12		
998	9.9800	-7	13		
999	9.9900	-8	14		
1000	10.0000	-8	16		
1001	10.0100	-9	16		
1002	10.0200	-9	18		
1003	10.0300	-10	18		
1004	10.0400	-10	20		
1005	10.0500	-10	20		
1006	10.0600	-10	21		
1007	10.0700	-11	21		
1008	10.0800	-11	22		
1009	10.0900	-11	22		
1010	10.1000	-12	22		
1011	10.1100	-12	22		
1012	10.1200	-12	22		
1013	10.1300	-12	22		
1014	10.1400	-12	22		
1015	10.1500	-12	22		
1016	10.1600	-12	22		
1017	10.1700	-12	21		
1018	10.1800	-12	20		
1019	10.1900	-12	20		
1020	10.2000	-12	19		
1021	10.2100	-11	18		
1022	10.2200	-11	17		
1023	10.2300	-11	16		
1024	10.2400	-10	14		
1025	10.2500	-10	14		
1026	10.2600	-10	12		
1027	10.2700	-9	11		
1028	10.2800	-9	9		
1029	10.2900	-8	8		
1030	10.3000	-8	6		
1031	10.3100	-8	5		
1032	10.3200	-7	3		
1033	10.3300	-6	2		
1034	10.3400	-6	0		
1035	10.3500	-6	-2		
1036	10.3600	-5	-3		
1037	10.3700	-4	-5		
1038	10.3800	-4	-6		
1039	10.3900	-4	-8		
1040	10.4000	-3	-9		
1041	10.4100	-2	-11		
1042	10.4200	-2	-12		
1043	10.4300	-2	-14		
1044	10.4400	-1	-15		
1045	10.4500	0	-16		
1046	10.4600	0	-18		
1047	10.4700	0	-19		
1048	10.4800	1	-20		
1049	10.4900	1	-21		
1050	10.5000	2	-22		
1051	10.5100	2	-22		
1052	10.5200	2	-23		
1053	10.5300	2	-24		
1054	10.5400	3	-24		
1055	10.5500	3	-25		
1056	10.5600	3	-25		
1057	10.5700	4	-25		
1058	10.5800	4	-26		
1059	10.5900	4	-26		
1060	10.6000	4	-25		
1061	10.6100	4	-25		
1062	10.6200	4	-25		
1063	10.6300	4	-24		
1064	10.6400	4	-24		
1065	10.6500	4	-23		
1066	10.6600	4	-22		
1067	10.6700	4	-22		
1068	10.6800	3	-21		
1069	10.6900	3	-20		
1070	10.7000	3	-18		
1071	10.7100	2	-18		
1072	10.7200	2	-16		
1073	10.7300	2	-15		
1074	10.7400	2	-14		
1075	10.7500	1	-12		
1076	10.7600	0	-10		
1077	10.7700	0	-9		
1078	10.7800	0	-8		
1079	10.7900	-1	-6		
1080	10.8000	-1	-4		
1081	10.8100	-2	-3		
1082	10.8200	-2	-1		
1083	10.8300	-3	0		
1084	10.8400	-4	2		
1085	10.8500	-4	4		
1086	10.8600	-4	5		
1087	10.8700	-5	7		
1088	10.8800	-6	8		
1089	10.8900	-6	10		
1090	10.9000	-6	11		
1091	10.9100	-7	12		
1092	10.9200	-8	14		
1093	10.9300	-8	15		
1094	10.9400	-8	16		
1095	10.9500	-9	17		
1096	10.9600	-9	18		
1097	10.9700	-10	19		
1098	10.9800	-10	20		
1099	10.9900	-10	21		
1100	11.0000	-10	21		
1101	11.0100	-11	22		
1102	11.0200	-11	22		
1103	11.0300	-12	22		
1104	11.0400	-12	23		
1105	11.0500	-12	23		
1106	11.0600	-12	23		
1107	11.0700	-12	23		
1108	11.0800	-12	22		
1109	11.0900	-12	22		
1110	11.1000	-12	22		
1111	11.1100	-12	21		
1112	11.1200	-12	20		
1113	11.1300	-12	20		
1114	11.1400	-11	19		
1115	11.1500	-11	18		
1116	11.1600	-11	17		
1117	11.1700	-10	16		
1118	11.1800	-10	14		
1119	11.1900	-10	13		
1120	11.2000	-10	12		
1121	11.2100	-9	10		
1122	11.2200	-9	9		
1123	11.2300	-8	8		
1124	11.2400	-8	6		
1125	11.2500	-7	4		
1126	11.2600	-7	3		
1127	11.2700	-6	2		
1128	11.2800	-6	0		
1129	11.2900	-6	-2		
1130	11.3000	-5	-4		
1131	11.3100	-4	-5		
1132	11.3200	-4	-7		
1133	11.3300	-3	-8		
1134	11.3400	-3	-10		
1135	11.3500	-2	-11		
1136	11.3600	-2	-13		
1137	11.3700	-1	-14		
1138	11.3800	-1	-16		
1139	11.3900	0	-17		
1140	11.4000	0	-18		
1141	11.4100	0	-19		
1142	11.4200	1	-20		
1143	11.4300	2	-21		
1144	11.4400	2	-22		
1145	11.4500	2	-23		
1146	11.4600	2	-24		
1147	11.4700	3	-24		
1148	11.4800	3	-25		
1149	11.4900	3	-25		
1150	11.5000	4	-26		
1151	11.5100	4	-26		
1152	11.5200	4	-26		
1153	11.5300	4	-26		
1154	11.5400	4	-26		
1155	11.5500	4	-25		
1156	11.5600	4	-25		
1157	11.5700	4	-24		
1158	11.5800	4	-24		
1159	11.5900	4	-23		
1160	11.6000	4	-22		
1161	11.6100	4	-22		
1162	11.6200	3	-21		
1163	11.6300	3	-20		
1164	11.6400	3	-18		
1165	11.6500	2	-17		
1166	11.6600	2	-16		
1167	11.6700	2	-15		
1168	11.6800	1	-13		
1169	11.6900	1	-12		
1170	11.7000	0	-10		
1171	11.7100	0	-9		
1172	11.7200	0	-7		
1173	11.7300	-1	-6		
1174	11.7400	-2	-4		
1175	11.7500	-2	-2		
1176	11.7600	-2	-1		
1177	11.7700	-3	1		
1178	11.7800	-4	2		
1179	11.7900	-4	4		
1180	11.8000	-4	6		
1181	11.8100	-5	7		
1182	11.8200	-6	8		
1183	11.8300	-6	10		
1184	11.8400	-7	12		
1185	11.8500	-7	13		
1186	11.8600	-8	14		
1187	11.8700	-8	15		
1188	11.8800	-8	16		
1189	11.8900	-9	18		
1190	11.9000	-10	18		
1191	11.9100	-10	20		
1192	11.9200	-10	20		
1193	11.9300	-10	21		
1194	11.9400	-11	22		
1195	11.9500	-11	22		
1196	11.9600	-11	22		
1197	11.9700	-12	23		
1198	11.9800	-12	23		
1199	11.9900	-12	23		
1200	12.0000	-12	23		
1201	12.0100	-12	23		
1202	12.0200	-12	22		
1203	12.0300	-12	22		
1204	12.0400	-12	22		
1205	12.0500	-12	21		
1206	12.0600	-12	20		
1207	12.0700	-12	20		
1208	12.0800	-11	19		
1209	12.0900	-11	18		
1210	12.1000	-11	17		
1211	12.1100	-10	16		
1212	12.1200	-10	14		
1213	12.1300	-10	13		
1214	12.1400	-9	12		
1215	12.1500	-9	10		
1216	12.1600	-8	9		
1217	12.1700	-8	8		
1218	12.1800	-8	6		
1219	12.1900	-7	4		
1220	12.2000	-6	3		
1221	12.2100	-6	1		
1222	12.2200	-6	0		
1223	12.2300	-5	-2		
1224	12.2400	-4	-4		
1225	12.2500	-4	-6		
1226	12.2600	-4	-7		
1227	12.2700	-3	-8		
1228	12.2800	-2	-10		
1229	12.2900	-2	-12		
1230	12.3000	-2	-13		
1231	12.3100	-1	-14		
1232	12.3200	0	-16		
1233	12.3300	0	-17		
1234	12.3400	0	-18		
1235	12.3500	1	-20		
1236	12.3600	1	-20		
1237	12.3700	2	-22		
1238	12.3800	2	-22		
1239	12.3900	2	-23		
1240	12.4000	2	-24		
1241	12.4100	3	-24		
1242	12.4200	3	-25		
1243	12.4300	3	-25		
1244	12.4400	4	-26		
1245	12.4500	4	-26		
1246	12.4600	4	-26		
1247	12.4700	4	-26		
1248	12.4800	4	-26		
1249	12.4900	4	-25		
1250	12.5000	4	-25		
1251	12.5100	4	-24		
1252	12.5200	4	-24		
1253	12.5300	4	-23		
1254	12.5400	4	-22		
1255	12.5500	4	-22		
1256	12.5600	3	-20		
1257	12.5700	3	-20		
1258	12.5800	2	-18		
1259	12.5900	2	-17		
1260	12.6000	2	-16		
1261	12.6100	2	-14		
1262	12.6200	1	-13		
1263	12.6300	1	-12		
1264	12.6400	0	-10		
1265	12.6500	0	-8		
1266	12.6600	0	-7		
1267	12.6700	-1	-6		
1268	12.6800	-2	-4		
1269	12.6900	-2	-2		
1270	12.7000	-3	0		
1271	12.7100	-3	1		
1272	12.7200	-4	3		
1273	12.7300	-4	4		
1274	12.7400	-5	6		
1275	12.7500	-6	8		
1276	12.7600	-6	9		
1277	12.7700	-6	10		
1278	12.7800	-7	12		
1279	12.7900	-8	13		
1280	12.8000	-8	14		
1281	12.8100	-8	16		
1282	12.8200	-9	17		
1283	12.8300	-9	18		
1284	12.8400	-10	19		
1285	12.8500	-10	20		
1286	12.8600	-10	20		
1287	12.8700	-10	21		
1288	12.8800	-11	22		
1289	12.8900	-11	22		
1290	12.9000	-11	22		
1291	12.9100	-12	23		
1292	12.9200	-12	23		
1293	12.9300	-12	23		
1294	12.9400	-12	23		
1295	12.9500	-12	23		
1296	12.9600	-12	22		
1297	12.9700	-12	22		
1298	12.9800	-12	22		
1299	12.9900	-12	21		
1300	13.0000	-12	20		
1301	13.0100	-12	20		
1302	13.0200	-11	18		
1303	13.0300	-11	18		
1304	13.0400	-10	16		
1305	13.0500	-10	16		
1306	13.0600	-10	14		
1307	13.0700	-10	13		
1308	13.0800	-9	12		
1309	13.0900	-9	10		
1310	13.1000	-8	9		
1311	13.1100	-8	7		
1312	13.1200	-8	6		
1313	13.1300	-7	4		
1314	13.1400	-6	2		
1315	13.1500	-6	1		
1316	13.1600	-6	-1		
1317	13.1700	-5	-2		
1318	13.1800	-4	-4		
1319	13.1900	-4	-6		
1320	13.2000	-4	-7		
1321	13.2100	-3	-9		
1322	13.2200	-2	-10		
1323	13.2300	-2	-12		
1324	13.2400	-2	-13		
1325	13.2500	-1	-14		
1326	13.2600	0	-16		
1327	13.2700	0	-17		
1328	13.2800	0	-18		
1329	13.2900	1	-20		
1330	13.3000	1	-20		
1331	13.3100	2	-22		
1332	13.3200	2	-22		
1333	13.3300	2	-23		
1334	13.3400	3	-24		
1335	13.3500	3	-24		
1336	13.3600	3	-25		
1337	13.3700	3	-25		
1338	13.3800	4	-26		
1339	13.3900	4	-26		
1340	13.4000	4	-26		
1341	13.4100	4	-26		
1342	13.4200	4	-25		
1343	13.4300	4	-25		
1344	13.4400	4	-25		
1345	13.4500	4	-24		
1346	13.4600	4	-24		
1347	13.4700	4	-23		
1348	13.4800	4	-22		
1349	13.4900	3	-21		
1350	13.5000	3	-20		
1351	13.5100	3	-19		
1352	13.5200	2	-18		
1353	13.5300	2	-17		
1354	13.5400	2	-16		
1355	13.5500	2	-14		
1356	13.5600	1	-13		
1357	13.5700	0	-12		
1358	13.5800	0	-10		
1359	13.5900	0	-8		
1360	13.6000	-1	-7		
1361	13.6100	-1	-5		
1362	13.6200	-2	-4		
1363	13.6300	-2	-2		
1364	13.6400	-3	0		
1365	13.6500	-4	1		
1366	13.6600	-4	3		
1367	13.6700	-4	4		
1368	13.6800	-5	6		
1369	13.6900	-6	8		
1370	13.7000	-6	9		
1371	13.7100	-6	10		
1372	13.7200	-7	12		
1373	13.7300	-8	13		
1374	13.7400	-8	14		
1375	13.7500	-8	16		
1376	13.7600	-9	16		
1377	13.7700	-9	18		
1378	13.7800	-10	18		
1379	13.7900	-10	20		
1380	13.8000	-10	20		
1381	13.8100	-10	21		
1382	13.8200	-11	22		
1383	13.8300	-11	22		
1384	13.8400	-12	22		
1385	13.8500	-12	22		
1386	13.8600	-12	22		
1387	13.8700	-12	23		
1388	13.8800	-12	22		
1389	13.8900	-12	22		
1390	13.9000	-12	22		
1391	13.9100	-12	22		
1392	13.9200	-12	21		
1393	13.9300	-12	20		
1394	13.9400	-12	20		
1395	13.9500	-11	19		
1396	13.9600	-11	18		
1397	13.9700	-11	17		
1398	13.9800	-10	16		
1399	13.9900	-10	15		
1400	14.0000	-10	14		
1401	14.0100	-10	12		
1402	14.0200	-9	11		
1403	14.0300	-9	10		
1404	14.0400	-8	8		
1405	14.0500	-8	7		
1406	14.0600	-7	5		
1407	14.0700	-7	4		
1408	14.0800	-6	2		
1409	14.0900	-6	0		
1410	14.1000	-5	-1		
1411	14.1100	-5	-3		
1412	14.1200	-4	-4		
1413	14.1300	-4	-6		
1414	14.1400	-3	-8		
1415	14.1500	-3	-9		
1416	14.1600	-2	-10		
1417	14.1700	-2	-12		
1418	14.1800	-1	-13		
1419	14.1900	-1	-15		
1420	14.2000	0	-16		
1421	14.2100	0	-17		
1422	14.2200	1	-18		
1423	14.2300	1	-20		
1424	14.2400	2	-20		
1425	14.2500	2	-22		
1426	14.2600	2	-22		
1427	14.2700	2	-23		
1428	14.2800	3	-24		
1429	14.2900	3	-24		
1430	14.3000	3	-24		
1431	14.3100	4	-25		
1432	14.3200	4	-25		
1433	14.3300	4	-25		
1434	14.3400	4	-25		
1435	14.3500	4	-25		
1436	14.3600	4	-25		
1437	14.3700	4	-25		
1438	14.3800	4	-24		
1439	14.3900	4	-24		
1440	14.4000	4	-23		
1441	14.4100	4	-22		
1442	14.4200	4	-22		
1443	14.4300	3	-21		
1444	14.4400	3	-20		
1445	14.4500	3	-19		
1446	14.4600	2	-18		
1447	14.4700	2	-16		
1448	14.4800	2	-15		
1449	14.4900	1	-14		
1450	14.5000	1	-12		
1451	14.5100	0	-11		
1452	14.5200	0	-9		
1453	14.5300	0	-8		
1454	14.5400	-1	-6		
1455	14.5500	-2	-5		
1456	14.5600	-2	-3		
1457	14.5700	-2	-2		
1458	14.5800	-3	0		
1459	14.5900	-4	2		
1460	14.6000	-4	3		
1461	14.6100	-5	5		
1462	14.6200	-5	6		
1463	14.6300	-6	8		
1464	14.6400	-6	9		
1465	14.6500	-7	11		
1466	14.6600	-7	12		
1467	14.6700	-8	14		
1468	14.6800	-8	14		
1469	14.6900	-9	16		
1470	14.7000	-9	17		
1471	14.7100	-10	18		
1472	14.7200	-10	19		
1473	14.7300	-10	20		
1474	14.7400	-10	20		
1475	14.7500	-11	21		
1476	14.7600	-11	21		
1477	14.7700	-11	22		
1478	14.7800	-12	22		
1479	14.7900	-12	22		
1480	14.8000	-12	22		
1481	14.8100	-12	22		
1482	14.8200	-12	22		
1483	14.8300	-12	22		
1484	14.8400	-12	22		
1485	14.8500	-12	21		
1486	14.8600	-12	21		
1487	14.8700	-12	20		
1488	14.8800	-12	20		
1489	14.8900	-11	18		
1490	14.9000	-11	18		
1491	14.9100	-10	16		
1492	14.9200	-10	16		
1493	14.9300	-10	14		
1494	14.9400	-10	13		
1495	14.9500	-9	12		
1496	14.9600	-9	10		
1497	14.9700	-8	9		
1498	14.9800	-8	8		
1499	14.9900	-8	6		
1500	15.0000	-7	5		
1501	15.0100	-6	3		
1502	15.0200	-6	2		
1503	15.0300	-6	0		
1504	15.0400	-5	-2		
1505	15.0500	-4	-3		
1506	15.0600	-4	-5		
1507	15.0700	-4	-6		
1508	15.0800	-3	-8		
1509	15.0900	-2	-10		
1510	15.1000	-2	-11		
1511	15.1100	-2	-12		
1512	15.1200	-1	-14		
1513	15.1300	0	-15		
1514	15.1400	0	-16		
1515	15.1500	0	-18		
1516	15.1600	1	-18		
1517	15.1700	1	-20		
1518	15.1800	2	-20		
1519	15.1900	2	-22		
1520	15.2000	2	-22		
1521	15.2100	2	-23		
1522	15.2200	3	-24		
1523	15.2300	3	-24		
1524	15.2400	3	-24		
1525	15.2500	4	-25		
1526	15.2600	4	-25		
1527	15.2700	4	-25		
1528	15.2800	4	-25		
1529	15.2900	4	-25		
1530	15.3000	4	-24		
1531	15.3100	4	-24		
1532	15.3200	4	-24		
1533	15.3300	4	-23		
1534	15.3400	4	-23		
1535	15.3500	4	-22		
1536	15.3600	3	-21		
1537	15.3700	3	-20		
1538	15.3800	3	-19		
1539	15.3900	2	-18		
1540	15.4000	2	-17		
1541	15.4100	2	-16		
1542	15.4200	2	-14		
1543	15.4300	1	-13		
1544	15.4400	1	-12		
1545	15.4500	0	-10		
1546	15.4600	0	-9		
1547	15.4700	-1	-7		
1548	15.4800	-1	-6		
1549	15.4900	-2	-4		
1550	15.5000	-2	-2		
1551	15.5100	-3	-1		
1552	15.5200	-3	1		
1553	15.5300	-4	2		
1554	15.5400	-4	4		
1555	15.5500	-5	6		
1556	15.5600	-6	7		
1557	15.5700	-6	8		
1558	15.5800	-6	10		
1559	15.5900	-7	11		
1560	15.6000	-8	12		
1561	15.6100	-8	14		
1562	15.6200	-8	15		
1563	15.6300	-9	16		
1564	15.6400	-9	17		
1565	15.6500	-10	18		
1566	15.6600	-10	19		
1567	15.6700	-10	20		
1568	15.6800	-10	20		
1569	15.6900	-11	21		
1570	15.7000	-11	21		
1571	15.7100	-11	22		
1572	15.7200	-12	22		
1573	15.7300	-12	22		
1574	15.7400	-12	22		
1575	15.7500	-12	22		
1576	15.7600	-12	22		
1577	15.7700	-12	22		
1578	15.7800	-12	22		
1579	15.7900	-12	21		
1580	15.8000	-12	20		
1581	15.8100	-12	20		
1582	15.8200	-11	19		
1583	15.8300	-11	18		
1584	15.8400	-11	17		
1585	15.8500	-10	16		
1586	15.8600	-10	15		
1587	15.8700	-10	14		
1588	15.8800	-10	12		
1589	15.8900	-9	11		
1590	15.9000	-9	10		
1591	15.9100	-8	8		
1592	15.9200	-8	7		
1593	15.9300	-8	6		
1594	15.9400	-7	4		
1595	15.9500	-6	2		
1596	15.9600	-6	1		
1597	15.9700	-6	-1		
1598	15.9800	-5	-2		
1599	15.9900	-4	-4		
1600	16.0000	-4	-6		
1601	16.0100	-4	-7		
1602	16.0200	-3	-8		
1603	16.0300	-2	-10		
1604	16.0400	-2	-12		
1605	16.0500	-2	-13		
1606	16.0600	-1	-14		
1607	16.0700	0	-16		
1608	16.0800	0	-17		
1609	16.0900	0	-18		
1610	16.1000	1	-19		
1611	16.1100	2	-20		
1612	16.1200	2	-21		
1613	16.1300	2	-22		
1614	16.1400	2	-22		
1615	16.1500	3	-23		
1616	16.1600	3	-24		
1617	16.1700	3	-24		
1618	16.1800	4	-24		
1619	16.1900	4	-25		
1620	16.2000	4	-25		
1621	16.2100	4	-25		
1622	16.2200	4	-25		
1623	16.2300	4	-25		
1624	16.2400	4	-24		
1625	16.2500	4	-24		
1626	16.2600	4	-24		
1627	16.2700	4	-23		
1628	16.2800	4	-22		
1629	16.2900	4	-22		
1630	16.3000	3	-20		
1631	16.3100	3	-20		
1632	16.3200	3	-18		
1633	16.3300	2	-18		
1634	16.3400	2	-16		
1635	16.3500	2	-15		
1636	16.3600	2	-14		
1637	16.3700	1	-12		
1638	16.3800	0	-11		
1639	16.3900	0	-10		
1640	16.4000	0	-8		
1641	16.4100	-1	-6		
1642	16.4200	-2	-5		
1643	16.4300	-2	-3		
1644	16.4400	-2	-2		
1645	16.4500	-3	0		
1646	16.4600	-4	1		
1647	16.4700	-4	3		
1648	16.4800	-4	4		
1649	16.4900	-5	6		
1650	16.5000	-6	8		
1651	16.5100	-6	9		
1652	16.5200	-6	10		
1653	16.5300	-7	12		
1654	16.5400	-8	13		
1655	16.5500	-8	14		
1656	16.5600	-8	15		
1657	16.5700	-9	16		
1658	16.5800	-9	17		
1659	16.5900	-10	18		
1660	16.6000	-10	19		
1661	16.6100	-10	20		
1662	16.6200	-11	20		
1663	16.6300	-11	21		
1664	16.6400	-11	22		
1665	16.6500	-12	22		
1666	16.6600	-12	22		
1667	16.6700	-12	22		
1668	16.6800	-12	22		
1669	16.6900	-12	22		
1670	16.7000	-12	22		
1671	16.7100	-12	22		
1672	16.7200	-12	21		
1673	16.7300	-12	20		
1674	16.7400	-12	20		
1675	16.7500	-12	19		
1676	16.7600	-11	18		
1677	16.7700	-11	18		
1678	16.7800	-11	16		
1679	16.7900	-10	16		
1680	16.8000	-10	14		
1681	16.8100	-10	13		
1682	16.8200	-10	12		
1683	16.8300	-9	10		
1684	16.8400	-8	9		
1685	16.8500	-8	8		
1686	16.8600	-8	6		
1687	16.8700	-7	5		
1688	16.8800	-7	3		
1689	16.8900	-6	2		
1690	16.9000	-6	0		
1691	16.9100	-5	-1		
1692	16.9200	-5	-3		
1693	16.9300	-4	-4		
1694	16.9400	-4	-6		
1695	16.9500	-3	-8		
1696	16.9600	-3	-9		
1697	16.9700	-2	-10		
1698	16.9800	-2	-12		
1699	16.9900	-1	-13		
1700	17.0000	-1	-14		
1701	17.0100	0	-16		
1702	17.0200	0	-17		
1703	17.0300	1	-18		
1704	17.0400	1	-19		
1705	17.0500	2	-20		
1706	17.0600	2	-21		
1707	17.0700	2	-22		
1708	17.0800	2	-22		
1709	17.0900	3	-23		
1710	17.1000	3	-24		
1711	17.1100	3	-24		
1712	17.1200	4	-24		
1713	17.1300	4	-24		
1714	17.1400	4	-25		
1715	17.1500	4	-25		
1716	17.1600	4	-24		
1717	17.1700	4	-24		
1718	17.1800	4	-24		
1719	17.1900	4	-24		
1720	17.2000	4	-23		
1721	17.2100	4	-22		
1722	17.2200	4	-22		
1723	17.2300	4	-21		
1724	17.2400	3	-20		
1725	17.2500	3	-19		
1726	17.2600	3	-18		
1727	17.2700	2	-17		
1728	17.2800	2	-16		
1729	17.2900	2	-14		
1730	17.3000	1	-13		
1731	17.3100	1	-12		
1732	17.3200	0	-10		
1733	17.3300	0	-9		
1734	17.3400	0	-7		
1735	17.3500	-1	-6		
1736	17.3600	-2	-4		
1737	17.3700	-2	-3		
1738	17.3800	-2	-1		
1739	17.3900	-3	0		
1740	17.4000	-4	2		
1741	17.4100	-4	4		
1742	17.4200	-5	5		
1743	17.4300	-5	6		
1744	17.4400	-6	8		
1745	17.4500	-6	10		
1746	17.4600	-7	11		
1747	17.4700	-7	12		
1748	17.4800	-8	14		
1749	17.4900	-8	14		
1750	17.5000	-8	16		
1751	17.5100	-9	17		
1752	17.5200	-10	18		
1753	17.5300	-10	18		
1754	17.5400	-10	20		
1755	17.5500	-10	20		
1756	17.5600	-11	20		
1757	17.5700	-11	21		
1758	17.5800	-11	22		
1759	17.5900	-12	22		
1760	17.6000	-12	22		
1761	17.6100	-12	22		
1762	17.6200	-12	22		
1763	17.6300	-12	22		
1764	17.6400	-12	22		
1765	17.6500	-12	21		
1766	17.6600	-12	21		
1767	17.6700	-12	20		
1768	17.6800	-12	20		
1769	17.6900	-12	19		
1770	17.7000	-11	18		
1771	17.7100	-11	17		
1772	17.7200	-11	16		
1773	17.7300	-10	15		
1774	17.7400	-10	14		
1775	17.7500	-10	13		
1776	17.7600	-9	12		
1777	17.7700	-9	10		
1778	17.7800	-8	8		
1779	17.7900	-8	7		
1780	17.8000	-8	6		
1781	17.8100	-7	4		
1782	17.8200	-6	2		
1783	17.8300	-6	1		
1784	17.8400	-6	0		
1785	17.8500	-5	-2		
1786	17.8600	-4	-4		
1787	17.8700	-4	-5		
1788	17.8800	-4	-7		
1789	17.8900	-3	-8		
1790	17.9000	-2	-10		
1791	17.9100	-2	-11		
1792	17.9200	-2	-12		
1793	17.9300	-1	-14		
1794	17.9400	0	-15		
1795	17.9500	0	-16		
1796	17.9600	0	-18		
1797	17.9700	1	-19		
1798	17.9800	1	-20		
1799	17.9900	2	-21		
1800	18.0000	2	-22		
1801	18.0100	2	-22		
1802	18.0200	2	-23		
1803	18.0300	3	-24		
1804	18.0400	3	-24		
1805	18.0500	3	-24		
1806	18.0600	4	-24		
1807	18.0700	4	-25		
1808	18.0800	4	-25		
1809	18.0900	4	-25		
1810	18.1000	4	-24		
1811	18.1100	4	-24		
1812	18.1200	4	-24		
1813	18.1300	4	-24		
1814	18.1400	4	-23		
1815	18.1500	4	-22		
1816	18.1600	4	-22		
1817	18.1700	3	-21		
1818	18.1800	3	-20		
1819	18.1900	3	-19		
1820	18.2000	2	-18		
1821	18.2100	2	-16		
1822	18.2200	2	-15		
1823	18.2300	2	-14		
1824	18.2400	1	-12		
1825	18.2500	1	-11		
1826	18.2600	0	-10		
1827	18.2700	0	-8		
1828	18.2800	-1	-7		
1829	18.2900	-1	-5		
1830	18.3000	-2	-4		
1831	18.3100	-2	-2		
1832	18.3200	-3	0		
1833	18.3300	-3	1		
1834	18.3400	-4	3		
1835	18.3500	-4	4		
1836	18.3600	-5	6		
1837	18.3700	-6	7		
1838	18.3800	-6	9		
1839	18.3900	-6	10		
1840	18.4000	-7	12		
1841	18.4100	-8	13		
1842	18.4200	-8	14		
1843	18.4300	-8	15		
1844	18.4400	-9	16		
1845	18.4500	-9	17		
1846	18.4600	-10	18		
1847	18.4700	-10	19		
1848	18.4800	-10	20		
1849	18.4900	-10	20		
1850	18.5000	-11	21		
1851	18.5100	-11	21		
1852	18.5200	-12	22		
1853	18.5300	-12	22		
1854	18.5400	-12	22		
1855	18.5500	-12	22		
1856	18.5600	-12	22		
1857	18.5700	-12	22		
1858	18.5800	-12	22		
1859	18.5900	-12	21		
1860	18.6000	-12	20		
1861	18.6100	-12	20		
1862	18.6200	-12	19		
1863	18.6300	-11	18		
1864	18.6400	-11	18		
1865	18.6500	-11	17		
1866	18.6600	-10	16		
1867	18.6700	-10	14		
1868	18.6800	-10	14		
1869	18.6900	-10	12		
1870	18.7000	-9	11		
1871	18.7100	-9	10		
1872	18.7200	-8	8		
1873	18.7300	-8	6		
1874	18.7400	-8	5		
1875	18.7500	-7	4		
1876	18.7600	-6	2		
1877	18.7700	-6	0		
1878	18.7800	-6	-1		
1879	18.7900	-5	-3		
1880	18.8000	-4	-4		
1881	18.8100	-4	-6		
1882	18.8200	-4	-8		
1883	18.8300	-3	-9		
1884	18.8400	-2	-10		
1885	18.8500	-2	-12		
1886	18.8600	-2	-13		
1887	18.8700	-1	-14		
1888	18.8800	0	-16		
1889	18.8900	0	-17		
1890	18.9000	0	-18		
1891	18.9100	1	-19		
1892	18.9200	2	-20		
1893	18.9300	2	-21		
1894	18.9400	2	-22		
1895	18.9500	2	-23		
1896	18.9600	3	-23		
1897	18.9700	3	-24		
1898	18.9800	3	-24		
1899	18.9900	4	-24		
1900	19.0000	4	-25		
1901	19.0100	4	-25		
1902	19.0200	4	-25		
1903	19.0300	4	-25		
1904	19.0400	4	-24		
1905	19.0500	4	-24		
1906	19.0600	4	-24		
1907	19.0700	4	-23		
1908	19.0800	4	-23		
1909	19.0900	4	-22		
1910	19.1000	4	-21		
1911	19.1100	3	-20		
1912	19.1200	3	-19		
1913	19.1300	3	-18		
1914	19.1400	2	-17		
1915	19.1500	2	-16		
1916	19.1600	2	-15		
1917	19.1700	2	-13		
1918	19.1800	1	-12		
1919	19.1900	0	-10		
1920	19.2000	0	-9		
1921	19.2100	0	-8		
1922	19.2200	-1	-6		
1923	19.2300	-1	-4		
1924	19.2400	-2	-3		
1925	19.2500	-2	-1		
1926	19.2600	-3	0		
1927	19.2700	-4	2		
1928	19.2800	-4	4		
1929	19.2900	-4	5		
1930	19.3000	-5	6		
1931	19.3100	-6	8		
1932	19.3200	-6	10		
1933	19.3300	-6	11		
1934	19.3400	-7	12		
1935	19.3500	-8	14		
1936	19.3600	-8	14		
1937	19.3700	-8	16		
1938	19.3800	-9	17		
1939	19.3900	-9	18		
1940	19.4000	-10	18		
1941	19.4100	-10	20		
1942	19.4200	-10	20		
1943	19.4300	-10	21		
1944	19.4400	-11	21		
1945	19.4500	-11	22		
1946	19.4600	-12	22		
1947	19.4700	-12	22		
1948	19.4800	-12	22		
1949	19.4900	-12	22		
1950	19.5000	-12	22		
1951	19.5100	-12	22		
1952	19.5200	-12	22		
1953	19.5300	-12	21		
1954	19.5400	-12	20		
1955	19.5500	-12	20		
1956	19.5600	-12	19		
1957	19.5700	-11	18		
1958	19.5800	-11	18		
1959	19.5900	-11	16		
1960	19.6000	-10	15		
1961	19.6100	-10	14		
1962	19.6200	-10	13		
1963	19.6300	-10	12		
1964	19.6400	-9	10		
1965	19.6500	-9	9		
1966	19.6600	-8	8		
1967	19.6700	-8	6		
1968	19.6800	-7	4		
1969	19.6900	-7	3		
1970	19.7000	-6	1		
1971	19.7100	-6	0		
1972	19.7200	-5	-2		
1973	19.7300	-5	-4		
1974	19.7400	-4	-5		
1975	19.7500	-4	-6		
1976	19.7600	-3	-8		
1977	19.7700	-3	-10		
1978	19.7800	-2	-11		
1979	19.7900	-2	-12		
1980	19.8000	-1	-14		
1981	19.8100	-1	-15		
1982	19.8200	0	-16		
1983	19.8300	0	-18		
1984	19.8400	1	-19		
1985	19.8500	1	-20		
1986	19.8600	2	-21		
1987	19.8700	2	-22		
1988	19.8800	2	-22		
1989	19.8900	2	-23		
1990	19.9000	3	-24		
1991	19.9100	3	-24		
1992	19.9200	3	-24		
1993	19.9300	4	-25		
1994	19.9400	4	-25		
1995	19.9500	4	-25		
1996	19.9600	4	-25		
1997	19.9700	4	-25		
1998	19.9800	4	-24		
1999	19.9900	4	-24		
2000	20.0000	4	-24		
