#	time(s)	count A	count B	count C	count D
1	0.0100		38		
2	0.0200		42		
3	0.0300		47		
4	0.0400		51		
5	0.0500		54		
6	0.0600		58		
7	0.0700		61		
8	0.0800		64		
9	0.0900		67		
10	0.1000		70		
11	0.1100		72		
12	0.1200		74		
13	0.1300		75		
14	0.1400		76		
15	0.1500		78		
16	0.1600		78		
17	0.1700		78		
18	0.1800		78		
19	0.1900		78		
20	0.2000		77		
21	0.2100		76		
22	0.2200		75		
23	0.2300		73		
24	0.2400		71		
25	0.2500		69		
26	0.2600		67		
27	0.2700		64		
28	0.2800		61		
29	0.2900		58		
30	0.3000		54		
31	0.3100		50		
32	0.3200		46		
33	0.3300		42		
34	0.3400		38		
35	0.3500		34		
36	0.3600		29		
37	0.3700		24		
38	0.3800		19		
39	0.3900		14		
40	0.4000		10		
41	0.4100		4		
42	0.4200		-1		
43	0.4300		-6		
44	0.4400		-11		
45	0.4500		-16		
46	0.4600		-21		
47	0.4700		-26		
48	0.4800		-30		
49	0.4900		-35		
50	0.5000		-40		
51	0.5100		-44		
52	0.5200		-48		
53	0.5300		-53		
54	0.5400		-56		
55	0.5500		-60		
56	0.5600		-64		
57	0.5700		-67		
58	0.5800		-70		
59	0.5900		-73		
60	0.6000		-76		
61	0.6100		-78		
62	0.6200		-80		
63	0.6300		-81		
64	0.6400		-82		
65	0.6500		-84		
66	0.6600		-84		
67	0.6700		-85		
68	0.6800		-85		
69	0.6900		-85		
70	0.7000		-84		
71	0.7100		-84		
72	0.7200		-82		
73	0.7300		-81		
74	0.7400		-80		
75	0.7500		-78		
76	0.7600		-75		
77	0.7700		-73		
78	0.7800		-70		
79	0.7900		-67		
80	0.8000		-64		
81	0.8100		-60		
82	0.8200		-56		
83	0.8300		-53		
84	0.8400		-49		
85	0.8500		-45		
86	0.8600		-40		
87	0.8700		-36		
88	0.8800		-32		
89	0.8900		-27		
90	0.9000		-22		
91	0.9100		-17		
92	0.9200		-12		
93	0.9300		-8		
94	0.9400		-3		
95	0.9500		2		
96	0.9600		7		
97	0.9700		12		
98	0.9800		16		
99	0.9900		21		
100	1.0000		25		
101	1.0100		30		
102	1.0200		34		
103	1.0300		38		
104	1.0400		42		
105	1.0500		45		
106	1.0600		48		
107	1.0700		52		
108	1.0800		55		
109	1.0900		58		
110	1.1000		60		
111	1.1100		62		
112	1.1200		64		
113	1.1300		66		
114	1.1400		67		
115	1.1500		68		
116	1.1600		70		
117	1.1700		70		
118	1.1800		70		
119	1.1900		70		
120	1.2000		70		
121	1.2100		69		
122	1.2200		68		
123	1.2300		67		
124	1.2400		66		
125	1.2500		64		
126	1.2600		62		
127	1.2700		60		
128	1.2800		58		
129	1.2900		55		
130	1.3000		52		
131	1.3100		48		
132	1.3200		45		
133	1.3300		42		
134	1.3400		38		
135	1.3500		34		
136	1.3600		30		
137	1.3700		26		
138	1.3800		22		
139	1.3900		17		
140	1.4000		13		
141	1.4100		8		
142	1.4200		4		
143	1.4300		-1		
144	1.4400		-6		
145	1.4500		-10		
146	1.4600		-14		
147	1.4700		-19		
148	1.4800		-24		
149	1.4900		-28		
150	1.5000		-32		
151	1.5100		-36		
152	1.5200		-40		
153	1.5300		-44		
154	1.5400		-48		
155	1.5500		-52		
156	1.5600		-55		
157	1.5700		-58		
158	1.5800		-61		
159	1.5900		-64		
160	1.6000		-66		
161	1.6100		-68		
162	1.6200		-70		
163	1.6300		-72		
164	1.6400		-74		
165	1.6500		-75		
166	1.6600		-76		
167	1.6700		-76		
168	1.6800		-77		
169	1.6900		-77		
170	1.7000		-77		
171	1.7100		-76		
172	1.7200		-76		
173	1.7300		-75		
174	1.7400		-74		
175	1.7500		-72		
176	1.7600		-70		
177	1.7700		-68		
178	1.7800		-66		
179	1.7900		-64		
180	1.8000		-61		
181	1.8100		-58		
182	1.8200		-55		
183	1.8300		-52		
184	1.8400		-48		
185	1.8500		-45		
186	1.8600		-41		
187	1.8700		-37		
188	1.8800		-33		
189	1.8900		-29		
190	1.9000		-25		
191	1.9100		-20		
192	1.9200		-16		
193	1.9300		-12		
194	1.9400		-8		
195	1.9500		-3		
196	1.9600		1		
197	1.9700		6		
198	1.9800		10		
199	1.9900		14		
200	2.0000		18		
201	2.0100		22		
202	2.0200		26		
203	2.0300		30		
204	2.0400		33		
205	2.0500		37		
206	2.0600		40		
207	2.0700		43		
208	2.0800		46		
209	2.0900		49		
210	2.1000		51		
211	2.1100		54		
212	2.1200		56		
213	2.1300		58		
214	2.1400		59		
215	2.1500		60		
216	2.1600		62		
217	2.1700		62		
218	2.1800		63		
219	2.1900		63		
220	2.2000		63		
221	2.2100		63		
222	2.2200		62		
223	2.2300		61		
224	2.2400		60		
225	2.2500		59		
226	2.2600		58		
227	2.2700		56		
228	2.2800		54		
229	2.2900		52		
230	2.3000		49		
231	2.3100		46		
232	2.3200		44		
233	2.3300		40		
234	2.3400		37		
235	2.3500		34		
236	2.3600		30		
237	2.3700		27		
238	2.3800		23		
239	2.3900		19		
240	2.4000		15		
241	2.4100		11		
242	2.4200		7		
243	2.4300		3		
244	2.4400		-1		
245	2.4500		-5		
246	2.4600		-10		
247	2.4700		-14		
248	2.4800		-18		
249	2.4900		-22		
250	2.5000		-26		
251	2.5100		-30		
252	2.5200		-33		
253	2.5300		-37		
254	2.5400		-40		
255	2.5500		-44		
256	2.5600		-47		
257	2.5700		-50		
258	2.5800		-53		
259	2.5900		-56		
260	2.6000		-58		
261	2.6100		-60		
262	2.6200		-62		
263	2.6300		-64		
264	2.6400		-66		
265	2.6500		-67		
266	2.6600		-68		
267	2.6700		-69		
268	2.6800		-70		
269	2.6900		-70		
270	2.7000		-70		
271	2.7100		-70		
272	2.7200		-70		
273	2.7300		-69		
274	2.7400		-68		
275	2.7500		-67		
276	2.7600		-66		
277	2.7700		-64		
278	2.7800		-62		
279	2.7900		-60		
280	2.8000		-58		
281	2.8100		-56		
282	2.8200		-53		
283	2.8300		-50		
284	2.8400		-48		
285	2.8500		-44		
286	2.8600		-41		
287	2.8700		-38		
288	2.8800		-34		
289	2.8900		-30		
290	2.9000		-27		
291	2.9100		-23		
292	2.9200		-19		
293	2.9300		-15		
294	2.9400		-11		
295	2.9500		-8		
296	2.9600		-4		
297	2.9700		0		
298	2.9800		4		
299	2.9900		8		
300	3.0000		12		
301	3.0100		16		
302	3.0200		19		
303	3.0300		23		
304	3.0400		26		
305	3.0500		30		
306	3.0600		33		
307	3.0700		36		
308	3.0800		38		
309	3.0900		41		
310	3.1000		44		
311	3.1100		46		
312	3.1200		48		
313	3.1300		50		
314	3.1400		52		
315	3.1500		53		
316	3.1600		54		
317	3.1700		55		
318	3.1800		56		
319	3.1900		56		
320	3.2000		56		
321	3.2100		56		
322	3.2200		56		
323	3.2300		56		
324	3.2400		55		
325	3.2500		54		
326	3.2600		53		
327	3.2700		52		
328	3.2800		50		
329	3.2900		48		
330	3.3000		46		
331	3.3100		44		
332	3.3200		42		
333	3.3300		39		
334	3.3400		36		
335	3.3500		33		
336	3.3600		30		
337	3.3700		27		
338	3.3800		24		
339	3.3900		20		
340	3.4000		17		
341	3.4100		13		
342	3.4200		10		
343	3.4300		6		
344	3.4400		2		
345	3.4500		-2		
346	3.4600		-5		
347	3.4700		-9		
348	3.4800		-13		
349	3.4900		-16		
350	3.5000		-20		
351	3.5100		-24		
352	3.5200		-27		
353	3.5300		-30		
354	3.5400		-34		
355	3.5500		-37		
356	3.5600		-40		
357	3.5700		-43		
358	3.5800		-46		
359	3.5900		-48		
360	3.6000		-51		
361	3.6100		-53		
362	3.6200		-55		
363	3.6300		-57		
364	3.6400		-58		
365	3.6500		-60		
366	3.6600		-61		
367	3.6700		-62		
368	3.6800		-63		
369	3.6900		-64		
370	3.7000		-64		
371	3.7100		-64		
372	3.7200		-64		
373	3.7300		-64		
374	3.7400		-63		
375	3.7500		-62		
376	3.7600		-61		
377	3.7700		-60		
378	3.7800		-59		
379	3.7900		-57		
380	3.8000		-55		
381	3.8100		-53		
382	3.8200		-51		
383	3.8300		-49		
384	3.8400		-46		
385	3.8500		-44		
386	3.8600		-41		
387	3.8700		-38		
388	3.8800		-35		
389	3.8900		-32		
390	3.9000		-28		
391	3.9100		-25		
392	3.9200		-22		
393	3.9300		-18		
394	3.9400		-14		
395	3.9500		-11		
396	3.9600		-7		
397	3.9700		-4		
398	3.9800		0		
399	3.9900		3		
400	4.0000		7		
401	4.0100		10		
402	4.0200		14		
403	4.0300		17		
404	4.0400		20		
405	4.0500		23		
406	4.0600		26		
407	4.0700		29		
408	4.0800		32		
409	4.0900		34		
410	4.1000		36		
411	4.1100		39		
412	4.1200		41		
413	4.1300		43		
414	4.1400		44		
415	4.1500		46		
416	4.1600		47		
417	4.1700		48		
418	4.1800		49		
419	4.1900		50		
420	4.2000		50		
421	4.2100		50		
422	4.2200		50		
423	4.2300		50		
424	4.2400		50		
425	4.2500		49		
426	4.2600		48		
427	4.2700		48		
428	4.2800		46		
429	4.2900		45		
430	4.3000		43		
431	4.3100		41		
432	4.3200		39		
433	4.3300		37		
434	4.3400		35		
435	4.3500		32		
436	4.3600		30		
437	4.3700		27		
438	4.3800		24		
439	4.3900		21		
440	4.4000		18		
441	4.4100		15		
442	4.4200		12		
443	4.4300		8		
444	4.4400		5		
445	4.4500		2		
446	4.4600		-2		
447	4.4700		-5		
448	4.4800		-8		
449	4.4900		-12		
450	4.5000		-15		
451	4.5100		-18		
452	4.5200		-22		
453	4.5300		-25		
454	4.5400		-28		
455	4.5500		-31		
456	4.5600		-34		
457	4.5700		-37		
458	4.5800		-39		
459	4.5900		-42		
460	4.6000		-44		
461	4.6100		-46		
462	4.6200		-48		
463	4.6300		-50		
464	4.6400		-52		
465	4.6500		-54		
466	4.6600		-55		
467	4.6700		-56		
468	4.6800		-57		
469	4.6900		-58		
470	4.7000		-58		
471	4.7100		-58		
472	4.7200		-58		
473	4.7300		-58		
474	4.7400		-58		
475	4.7500		-58		
476	4.7600		-57		
477	4.7700		-56		
478	4.7800		-55		
479	4.7900		-54		
480	4.8000		-52		
481	4.8100		-50		
482	4.8200		-49		
483	4.8300		-47		
484	4.8400		-44		
485	4.8500		-42		
486	4.8600		-40		
487	4.8700		-37		
488	4.8800		-34		
489	4.8900		-32		
490	4.9000		-29		
491	4.9100		-26		
492	4.9200		-23		
493	4.9300		-20		
494	4.9400		-17		
495	4.9500		-14		
496	4.9600		-10		
497	4.9700		-7		
498	4.9800		-4		
499	4.9900		0		
500	5.0000		2		
501	5.0100		6		
502	5.0200		9		
503	5.0300		12		
504	5.0400		15		
505	5.0500		18		
506	5.0600		20		
507	5.0700		23		
508	5.0800		26		
509	5.0900		28		
510	5.1000		30		
511	5.1100		33		
512	5.1200		35		
513	5.1300		37		
514	5.1400		38		
515	5.1500		40		
516	5.1600		41		
517	5.1700		42		
518	5.1800		43		
519	5.1900		44		
520	5.2000		44		
521	5.2100		45		
522	5.2200		45		
523	5.2300		45		
524	5.2400		45		
525	5.2500		45		
526	5.2600		44		
527	5.2700		43		
528	5.2800		42		
529	5.2900		41		
530	5.3000		40		
531	5.3100		38		
532	5.3200		37		
533	5.3300		35		
534	5.3400		33		
535	5.3500		31		
536	5.3600		28		
537	5.3700		26		
538	5.3800		24		
539	5.3900		21		
540	5.4000		18		
541	5.4100		16		
542	5.4200		13		
543	5.4300		10		
544	5.4400		7		
545	5.4500		4		
546	5.4600		1		
547	5.4700		-2		
548	5.4800		-5		
549	5.4900		-8		
550	5.5000		-11		
551	5.5100		-14		
552	5.5200		-17		
553	5.5300		-20		
554	5.5400		-23		
555	5.5500		-26		
556	5.5600		-29		
557	5.5700		-31		
558	5.5800		-34		
559	5.5900		-36		
560	5.6000		-38		
561	5.6100		-40		
562	5.6200		-42		
563	5.6300		-44		
564	5.6400		-46		
565	5.6500		-48		
566	5.6600		-49		
567	5.6700		-50		
568	5.6800		-51		
569	5.6900		-52		
570	5.7000		-52		
571	5.7100		-53		
572	5.7200		-53		
573	5.7300		-53		
574	5.7400		-53		
575	5.7500		-53		
576	5.7600		-52		
577	5.7700		-52		
578	5.7800		-51		
579	5.7900		-50		
580	5.8000		-49		
581	5.8100		-48		
582	5.8200		-46		
583	5.8300		-44		
584	5.8400		-43		
585	5.8500		-41		
586	5.8600		-39		
587	5.8700		-36		
588	5.8800		-34		
589	5.8900		-32		
590	5.9000		-29		
591	5.9100		-26		
592	5.9200		-24		
593	5.9300		-21		
594	5.9400		-18		
595	5.9500		-16		
596	5.9600		-13		
597	5.9700		-10		
598	5.9800		-7		
599	5.9900		-4		
600	6.0000		-1		
601	6.0100		2		
602	6.0200		5		
603	6.0300		8		
604	6.0400		10		
605	6.0500		13		
606	6.0600		16		
607	6.0700		18		
608	6.0800		20		
609	6.0900		23		
610	6.1000		25		
611	6.1100		27		
612	6.1200		29		
613	6.1300		31		
614	6.1400		33		
615	6.1500		34		
616	6.1600		36		
617	6.1700		37		
618	6.1800		38		
619	6.1900		38		
620	6.2000		39		
621	6.2100		40		
622	6.2200		40		
623	6.2300		40		
624	6.2400		40		
625	6.2500		40		
626	6.2600		40		
627	6.2700		40		
628	6.2800		39		
629	6.2900		38		
630	6.3000		37		
631	6.3100		36		
632	6.3200		34		
633	6.3300		33		
634	6.3400		31		
635	6.3500		29		
636	6.3600		28		
637	6.3700		26		
638	6.3800		23		
639	6.3900		21		
640	6.4000		19		
641	6.4100		16		
642	6.4200		14		
643	6.4300		11		
644	6.4400		8		
645	6.4500		6		
646	6.4600		3		
647	6.4700		0		
648	6.4800		-2		
649	6.4900		-5		
650	6.5000		-8		
651	6.5100		-11		
652	6.5200		-14		
653	6.5300		-16		
654	6.5400		-19		
655	6.5500		-22		
656	6.5600		-24		
657	6.5700		-26		
658	6.5800		-29		
659	6.5900		-31		
660	6.6000		-33		
661	6.6100		-35		
662	6.6200		-37		
663	6.6300		-39		
664	6.6400		-40		
665	6.6500		-42		
666	6.6600		-44		
667	6.6700		-45		
668	6.6800		-46		
669	6.6900		-47		
670	6.7000		-48		
671	6.7100		-48		
672	6.7200		-48		
673	6.7300		-49		
674	6.7400		-49		
675	6.7500		-49		
676	6.7600		-48		
677	6.7700		-48		
678	6.7800		-48		
679	6.7900		-47		
680	6.8000		-46		
681	6.8100		-45		
682	6.8200		-44		
683	6.8300		-42		
684	6.8400		-41		
685	6.8500		-39		
686	6.8600		-38		
687	6.8700		-36		
688	6.8800		-34		
689	6.8900		-32		
690	6.9000		-29		
691	6.9100		-27		
692	6.9200		-25		
693	6.9300		-22		
694	6.9400		-20		
695	6.9500		-17		
696	6.9600		-15		
697	6.9700		-12		
698	6.9800		-10		
699	6.9900		-7		
700	7.0000		-4		
701	7.0100		-2		
702	7.0200		1		
703	7.0300		4		
704	7.0400		6		
705	7.0500		9		
706	7.0600		11		
707	7.0700		14		
708	7.0800		16		
709	7.0900		18		
710	7.1000		20		
711	7.1100		22		
712	7.1200		24		
713	7.1300		26		
714	7.1400		28		
715	7.1500		29		
716	7.1600		30		
717	7.1700		32		
718	7.1800		33		
719	7.1900		34		
720	7.2000		34		
721	7.2100		35		
722	7.2200		36		
723	7.2300		36		
724	7.2400		36		
725	7.2500		36		
726	7.2600		36		
727	7.2700		36		
728	7.2800		35		
729	7.2900		34		
730	7.3000		34		
731	7.3100		33		
732	7.3200		32		
733	7.3300		30		
734	7.3400		29		
735	7.3500		28		
736	7.3600		26		
737	7.3700		24		
738	7.3800		22		
739	7.3900		20		
740	7.4000		18		
741	7.4100		16		
742	7.4200		14		
743	7.4300		12		
744	7.4400		10		
745	7.4500		7		
746	7.4600		5		
747	7.4700		2		
748	7.4800		0		
749	7.4900		-3		
750	7.5000		-5		
751	7.5100		-8		
752	7.5200		-10		
753	7.5300		-13		
754	7.5400		-15		
755	7.5500		-18		
756	7.5600		-20		
757	7.5700		-22		
758	7.5800		-24		
759	7.5900		-27		
760	7.6000		-29		
761	7.6100		-31		
762	7.6200		-32		
763	7.6300		-34		
764	7.6400		-36		
765	7.6500		-37		
766	7.6600		-39		
767	7.6700		-40		
768	7.6800		-41		
769	7.6900		-42		
770	7.7000		-43		
771	7.7100		-44		
772	7.7200		-44		
773	7.7300		-44		
774	7.7400		-45		
775	7.7500		-45		
776	7.7600		-45		
777	7.7700		-44		
778	7.7800		-44		
779	7.7900		-44		
780	7.8000		-43		
781	7.8100		-42		
782	7.8200		-41		
783	7.8300		-40		
784	7.8400		-39		
785	7.8500		-38		
786	7.8600		-36		
787	7.8700		-34		
788	7.8800		-32		
789	7.8900		-31		
790	7.9000		-29		
791	7.9100		-27		
792	7.9200		-25		
793	7.9300		-23		
794	7.9400		-20		
795	7.9500		-18		
796	7.9600		-16		
797	7.9700		-14		
798	7.9800		-11		
799	7.9900		-9		
800	8.0000		-6		
801	8.0100		-4		
802	8.0200		-2		
803	8.0300		1		
804	8.0400		3		
805	8.0500		5		
806	8.0600		8		
807	8.0700		10		
808	8.0800		12		
809	8.0900		14		
810	8.1000		16		
811	8.1100		18		
812	8.1200		20		
813	8.1300		22		
814	8.1400		23		
815	8.1500		24		
816	8.1600		26		
817	8.1700		27		
818	8.1800		28		
819	8.1900		29		
820	8.2000		30		
821	8.2100		31		
822	8.2200		32		
823	8.2300		32		
824	8.2400		32		
825	8.2500		32		
826	8.2600		32		
827	8.2700		32		
828	8.2800		32		
829	8.2900		32		
830	8.3000		31		
831	8.3100		30		
832	8.3200		29		
833	8.3300		28		
834	8.3400		27		
835	8.3500		26		
836	8.3600		24		
837	8.3700		23		
838	8.3800		22		
839	8.3900		20		
840	8.4000		18		
841	8.4100		16		
842	8.4200		14		
843	8.4300		12		
844	8.4400		10		
845	8.4500		8		
846	8.4600		6		
847	8.4700		4		
848	8.4800		2		
849	8.4900		-1		
850	8.5000		-3		
851	8.5100		-5		
852	8.5200		-8		
853	8.5300		-10		
854	8.5400		-12		
855	8.5500		-14		
856	8.5600		-16		
857	8.5700		-19		
858	8.5800		-21		
859	8.5900		-23		
860	8.6000		-25		
861	8.6100		-26		
862	8.6200		-28		
863	8.6300		-30		
864	8.6400		-32		
865	8.6500		-33		
866	8.6600		-34		
867	8.6700		-36		
868	8.6800		-37		
869	8.6900		-38		
870	8.7000		-38		
871	8.7100		-39		
872	8.7200		-40		
873	8.7300		-40		
874	8.7400		-41		
875	8.7500		-41		
876	8.7600		-41		
877	8.7700		-41		
878	8.7800		-41		
879	8.7900		-40		
880	8.8000		-40		
881	8.8100		-39		
882	8.8200		-38		
883	8.8300		-38		
884	8.8400		-37		
885	8.8500		-36		
886	8.8600		-34		
887	8.8700		-33		
888	8.8800		-32		
889	8.8900		-30		
890	8.9000		-28		
891	8.9100		-27		
892	8.9200		-25		
893	8.9300		-23		
894	8.9400		-21		
895	8.9500		-19		
896	8.9600		-17		
897	8.9700		-15		
898	8.9800		-13		
899	8.9900		-11		
900	9.0000		-8		
901	9.0100		-6		
902	9.0200		-4		
903	9.0300		-2		
904	9.0400		0		
905	9.0500		2		
906	9.0600		4		
907	9.0700		6		
908	9.0800		8		
909	9.0900		10		
910	9.1000		12		
911	9.1100		14		
912	9.1200		16		
913	9.1300		18		
914	9.1400		19		
915	9.1500		20		
916	9.1600		22		
917	9.1700		23		
918	9.1800		24		
919	9.1900		25		
920	9.2000		26		
921	9.2100		27		
922	9.2200		28		
923	9.2300		28		
924	9.2400		28		
925	9.2500		28		
926	9.2600		29		
927	9.2700		29		
928	9.2800		28		
929	9.2900		28		
930	9.3000		28		
931	9.3100		27		
932	9.3200		27		
933	9.3300		26		
934	9.3400		25		
935	9.3500		24		
936	9.3600		23		
937	9.3700		22		
938	9.3800		20		
939	9.3900		19		
940	9.4000		18		
941	9.4100		16		
942	9.4200		14		
943	9.4300		12		
944	9.4400		10		
945	9.4500		9		
946	9.4600		7		
947	9.4700		5		
948	9.4800		3		
949	9.4900		1		
950	9.5000		-1		
951	9.5100		-4		
952	9.5200		-6		
953	9.5300		-8		
954	9.5400		-10		
955	9.5500		-12		
956	9.5600		-14		
957	9.5700		-16		
958	9.5800		-18		
959	9.5900		-19		
960	9.6000		-21		
961	9.6100		-23		
962	9.6200		-24		
963	9.6300		-26		
964	9.6400		-28		
965	9.6500		-29		
966	9.6600		-30		
967	9.6700		-32		
968	9.6800		-33		
969	9.6900		-34		
970	9.7000		-35		
971	9.7100		-36		
972	9.7200		-36		
973	9.7300		-37		
974	9.7400		-37		
975	9.7500		-38		
976	9.7600		-38		
977	9.7700		-38		
978	9.7800		-38		
979	9.7900		-38		
980	9.8000		-37		
981	9.8100		-37		
982	9.8200		-36		
983	9.8300		-36		
984	9.8400		-34		
985	9.8500		-34		
986	9.8600		-33		
987	9.8700		-32		
988	9.8800		-30		
989	9.8900		-29		
990	9.9000		-28		
991	9.9100		-26		
992	9.9200		-24		
993	9.9300		-23		
994	9.9400		-21		
995	9.9500		-20		
996	9.9600		-18		
997	9.9700		-16		
998	9.9800		-14		
999	9.9900		-12		
1000	10.0000		-10		
1001	10.0100		-8		
1002	10.0200		-6		
1003	10.0300		-4		
1004	10.0400		-2		
1005	10.0500		0		
1006	10.0600		2		
1007	10.0700		4		
1008	10.0800		5		
1009	10.0900		7		
1010	10.1000		9		
1011	10.1100		11		
1012	10.1200		12		
1013	10.1300		14		
1014	10.1400		15		
1015	10.1500		17		
1016	10.1600		18		
1017	10.1700		19		
1018	10.1800		20		
1019	10.1900		21		
1020	10.2000		22		
1021	10.2100		23		
1022	10.2200		24		
1023	10.2300		24		
1024	10.2400		25		
1025	10.2500		25		
1026	10.2600		26		
1027	10.2700		26		
1028	10.2800		26		
1029	10.2900		26		
1030	10.3000		25		
1031	10.3100		25		
1032	10.3200		24		
1033	10.3300		24		
1034	10.3400		23		
1035	10.3500		22		
1036	10.3600		21		
1037	10.3700		20		
1038	10.3800		19		
1039	10.3900		18		
1040	10.4000		17		
1041	10.4100		15		
1042	10.4200		14		
1043	10.4300		12		
1044	10.4400		11		
1045	10.4500		9		
1046	10.4600		7		
1047	10.4700		6		
1048	10.4800		4		
1049	10.4900		2		
1050	10.5000		0		
1051	10.5100		-2		
1052	10.5200		-4		
1053	10.5300		-6		
1054	10.5400		-8		
1055	10.5500		-9		
1056	10.5600		-11		
1057	10.5700		-13		
1058	10.5800		-15		
1059	10.5900		-16		
1060	10.6000		-18		
1061	10.6100		-20		
1062	10.6200		-21		
1063	10.6300		-23		
1064	10.6400		-24		
1065	10.6500		-26		
1066	10.6600		-27		
1067	10.6700		-28		
1068	10.6800		-29		
1069	10.6900		-30		
1070	10.7000		-31		
1071	10.7100		-32		
1072	10.7200		-33		
1073	10.7300		-33		
1074	10.7400		-34		
1075	10.7500		-34		
1076	10.7600		-34		
1077	10.7700		-34		
1078	10.7800		-35		
1079	10.7900		-34		
1080	10.8000		-34		
1081	10.8100		-34		
1082	10.8200		-34		
1083	10.8300		-33		
1084	10.8400		-32		
1085	10.8500		-32		
1086	10.8600		-31		
1087	10.8700		-30		
1088	10.8800		-29		
1089	10.8900		-28		
1090	10.9000		-27		
1091	10.9100		-26		
1092	10.9200		-24		
1093	10.9300		-23		
1094	10.9400		-21		
1095	10.9500		-20		
1096	10.9600		-18		
1097	10.9700		-16		
1098	10.9800		-15		
1099	10.9900		-13		
1100	11.0000		-11		
1101	11.0100		-10		
1102	11.0200		-8		
1103	11.0300		-6		
1104	11.0400		-4		
1105	11.0500		-2		
1106	11.0600		0		
1107	11.0700		1		
1108	11.0800		3		
1109	11.0900		4		
1110	11.1000		6		
1111	11.1100		8		
1112	11.1200		9		
1113	11.1300		11		
1114	11.1400		12		
1115	11.1500		14		
1116	11.1600		15		
1117	11.1700		16		
1118	11.1800		17		
1119	11.1900		18		
1120	11.2000		19		
1121	11.2100		20		
1122	11.2200		20		
1123	11.2300		21		
1124	11.2400		22		
1125	11.2500		22		
1126	11.2600		22		
1127	11.2700		22		
1128	11.2800		23		
1129	11.2900		23		
1130	11.3000		22		
1131	11.3100		22		
1132	11.3200		22		
1133	11.3300		22		
1134	11.3400		21		
1135	11.3500		20		
1136	11.3600		20		
1137	11.3700		19		
1138	11.3800		18		
1139	11.3900		17		
1140	11.4000		16		
1141	11.4100		14		
1142	11.4200		13		
1143	11.4300		12		
1144	11.4400		10		
1145	11.4500		9		
1146	11.4600		8		
1147	11.4700		6		
1148	11.4800		4		
1149	11.4900		3		
1150	11.5000		1		
1151	11.5100		0		
1152	11.5200		-2		
1153	11.5300		-4		
1154	11.5400		-6		
1155	11.5500		-7		
1156	11.5600		-9		
1157	11.5700		-11		
1158	11.5800		-12		
1159	11.5900		-14		
1160	11.6000		-16		
1161	11.6100		-17		
1162	11.6200		-18		
1163	11.6300		-20		
1164	11.6400		-21		
1165	11.6500		-22		
1166	11.6600		-24		
1167	11.6700		-25		
1168	11.6800		-26		
1169	11.6900		-27		
1170	11.7000		-28		
1171	11.7100		-29		
1172	11.7200		-30		
1173	11.7300		-30		
1174	11.7400		-31		
1175	11.7500		-31		
1176	11.7600		-32		
1177	11.7700		-32		
1178	11.7800		-32		
1179	11.7900		-32		
1180	11.8000		-32		
1181	11.8100		-32		
1182	11.8200		-31		
1183	11.8300		-31		
1184	11.8400		-30		
1185	11.8500		-30		
1186	11.8600		-29		
1187	11.8700		-28		
1188	11.8800		-28		
1189	11.8900		-27		
1190	11.9000		-26		
1191	11.9100		-25		
1192	11.9200		-24		
1193	11.9300		-22		
1194	11.9400		-21		
1195	11.9500		-20		
1196	11.9600		-18		
1197	11.9700		-17		
1198	11.9800		-15		
1199	11.9900		-14		
1200	12.0000		-12		
1201	12.0100		-10		
1202	12.0200		-9		
1203	12.0300		-7		
1204	12.0400		-6		
1205	12.0500		-4		
1206	12.0600		-2		
1207	12.0700		-1		
1208	12.0800		1		
1209	12.0900		2		
1210	12.1000		4		
1211	12.1100		5		
1212	12.1200		7		
1213	12.1300		8		
1214	12.1400		10		
1215	12.1500		11		
1216	12.1600		12		
1217	12.1700		13		
1218	12.1800		14		
1219	12.1900		15		
1220	12.2000		16		
1221	12.2100		17		
1222	12.2200		18		
1223	12.2300		18		
1224	12.2400		19		
1225	12.2500		19		
1226	12.2600		20		
1227	12.2700		20		
1228	12.2800		20		
1229	12.2900		20		
1230	12.3000		20		
1231	12.3100		20		
1232	12.3200		20		
1233	12.3300		19		
1234	12.3400		19		
1235	12.3500		18		
1236	12.3600		18		
1237	12.3700		17		
1238	12.3800		16		
1239	12.3900		16		
1240	12.4000		14		
1241	12.4100		14		
1242	12.4200		12		
1243	12.4300		11		
1244	12.4400		10		
1245	12.4500		9		
1246	12.4600		8		
1247	12.4700		6		
1248	12.4800		5		
1249	12.4900		4		
1250	12.5000		2		
1251	12.5100		0		
1252	12.5200		-1		
1253	12.5300		-3		
1254	12.5400		-4		
1255	12.5500		-6		
1256	12.5600		-7		
1257	12.5700		-9		
1258	12.5800		-10		
1259	12.5900		-12		
1260	12.6000		-13		
1261	12.6100		-15		
1262	12.6200		-16		
1263	12.6300		-17		
1264	12.6400		-19		
1265	12.6500		-20		
1266	12.6600		-21		
1267	12.6700		-22		
1268	12.6800		-23		
1269	12.6900		-24		
1270	12.7000		-25		
1271	12.7100		-26		
1272	12.7200		-26		
1273	12.7300		-27		
1274	12.7400		-28		
1275	12.7500		-28		
1276	12.7600		-29		
1277	12.7700		-29		
1278	12.7800		-29		
1279	12.7900		-29		
1280	12.8000		-30		
1281	12.8100		-29		
1282	12.8200		-29		
1283	12.8300		-29		
1284	12.8400		-28		
1285	12.8500		-28		
1286	12.8600		-28		
1287	12.8700		-27		
1288	12.8800		-26		
1289	12.8900		-26		
1290	12.9000		-25		
1291	12.9100		-24		
1292	12.9200		-23		
1293	12.9300		-22		
1294	12.9400		-20		
1295	12.9500		-19		
1296	12.9600		-18		
1297	12.9700		-17		
1298	12.9800		-16		
1299	12.9900		-14		
1300	13.0000		-13		
1301	13.0100		-11		
1302	13.0200		-10		
1303	13.0300		-8		
1304	13.0400		-7		
1305	13.0500		-6		
1306	13.0600		-4		
1307	13.0700		-2		
1308	13.0800		-1		
1309	13.0900		0		
1310	13.1000		2		
1311	13.1100		3		
1312	13.1200		4		
1313	13.1300		6		
1314	13.1400		7		
1315	13.1500		8		
1316	13.1600		9		
1317	13.1700		10		
1318	13.1800		11		
1319	13.1900		12		
1320	13.2000		13		
1321	13.2100		14		
1322	13.2200		15		
1323	13.2300		16		
1324	13.2400		16		
1325	13.2500		16		
1326	13.2600		17		
1327	13.2700		17		
1328	13.2800		18		
1329	13.2900		18		
1330	13.3000		18		
1331	13.3100		18		
1332	13.3200		18		
1333	13.3300		17		
1334	13.3400		17		
1335	13.3500		17		
1336	13.3600		16		
1337	13.3700		16		
1338	13.3800		15		
1339	13.3900		14		
1340	13.4000		14		
1341	13.4100		13		
1342	13.4200		12		
1343	13.4300		11		
1344	13.4400		10		
1345	13.4500		9		
1346	13.4600		8		
1347	13.4700		6		
1348	13.4800		5		
1349	13.4900		4		
1350	13.5000		2		
1351	13.5100		1		
1352	13.5200		0		
1353	13.5300		-2		
1354	13.5400		-3		
1355	13.5500		-4		
1356	13.5600		-6		
1357	13.5700		-7		
1358	13.5800		-8		
1359	13.5900		-10		
1360	13.6000		-11		
1361	13.6100		-12		
1362	13.6200		-14		
1363	13.6300		-15		
1364	13.6400		-16		
1365	13.6500		-18		
1366	13.6600		-18		
1367	13.6700		-20		
1368	13.6800		-21		
1369	13.6900		-22		
1370	13.7000		-22		
1371	13.7100		-23		
1372	13.7200		-24		
1373	13.7300		-25		
1374	13.7400		-25		
1375	13.7500		-26		
1376	13.7600		-26		
1377	13.7700		-26		
1378	13.7800		-27		
1379	13.7900		-27		
1380	13.8000		-27		
1381	13.8100		-27		
1382	13.8200		-27		
1383	13.8300		-27		
1384	13.8400		-26		
1385	13.8500		-26		
1386	13.8600		-26		
1387	13.8700		-25		
1388	13.8800		-25		
1389	13.8900		-24		
1390	13.9000		-24		
1391	13.9100		-23		
1392	13.9200		-22		
1393	13.9300		-21		
1394	13.9400		-20		
1395	13.9500		-19		
1396	13.9600		-18		
1397	13.9700		-17		
1398	13.9800		-16		
1399	13.9900		-14		
1400	14.0000		-13		
1401	14.0100		-12		
1402	14.0200		-10		
1403	14.0300		-9		
1404	14.0400		-8		
1405	14.0500		-6		
1406	14.0600		-5		
1407	14.0700		-4		
1408	14.0800		-3		
1409	14.0900		-1		
1410	14.1000		0		
1411	14.1100		1		
1412	14.1200		2		
1413	14.1300		4		
1414	14.1400		5		
1415	14.1500		6		
1416	14.1600		7		
1417	14.1700		8		
1418	14.1800		9		
1419	14.1900		10		
1420	14.2000		11		
1421	14.2100		12		
1422	14.2200		12		
1423	14.2300		13		
1424	14.2400		14		
1425	14.2500		14		
1426	14.2600		14		
1427	14.2700		15		
1428	14.2800		15		
1429	14.2900		16		
1430	14.3000		16		
1431	14.3100		16		
1432	14.3200		16		
1433	14.3300		16		
1434	14.3400		15		
1435	14.3500		15		
1436	14.3600		15		
1437	14.3700		14		
1438	14.3800		14		
1439	14.3900		13		
1440	14.4000		12		
1441	14.4100		12		
1442	14.4200		11		
1443	14.4300		10		
1444	14.4400		9		
1445	14.4500		8		
1446	14.4600		7		
1447	14.4700		6		
1448	14.4800		5		
1449	14.4900		4		
1450	14.5000		3		
1451	14.5100		2		
1452	14.5200		0		
1453	14.5300		-1		
1454	14.5400		-2		
1455	14.5500		-3		
1456	14.5600		-4		
1457	14.5700		-6		
1458	14.5800		-7		
1459	14.5900		-8		
1460	14.6000		-10		
1461	14.6100		-11		
1462	14.6200		-12		
1463	14.6300		-13		
1464	14.6400		-14		
1465	14.6500		-16		
1466	14.6600		-16		
1467	14.6700		-18		
1468	14.6800		-18		
1469	14.6900		-19		
1470	14.7000		-20		
1471	14.7100		-21		
1472	14.7200		-22		
1473	14.7300		-22		
1474	14.7400		-23		
1475	14.7500		-24		
1476	14.7600		-24		
1477	14.7700		-24		
1478	14.7800		-24		
1479	14.7900		-25		
1480	14.8000		-25		
1481	14.8100		-25		
1482	14.8200		-25		
1483	14.8300		-25		
1484	14.8400		-25		
1485	14.8500		-24		
1486	14.8600		-24		
1487	14.8700		-24		
1488	14.8800		-24		
1489	14.8900		-23		
1490	14.9000		-22		
1491	14.9100		-22		
1492	14.9200		-21		
1493	14.9300		-20		
1494	14.9400		-19		
1495	14.9500		-18		
1496	14.9600		-18		
1497	14.9700		-16		
1498	14.9800		-16		
1499	14.9900		-14		
1500	15.0000		-13		
1501	15.0100		-12		
1502	15.0200		-11		
1503	15.0300		-10		
1504	15.0400		-9		
1505	15.0500		-8		
1506	15.0600		-6		
1507	15.0700		-5		
1508	15.0800		-4		
1509	15.0900		-3		
1510	15.1000		-2		
1511	15.1100		0		
1512	15.1200		1		
1513	15.1300		2		
1514	15.1400		3		
1515	15.1500		4		
1516	15.1600		5		
1517	15.1700		6		
1518	15.1800		7		
1519	15.1900		8		
1520	15.2000		9		
1521	15.2100		10		
1522	15.2200		10		
1523	15.2300		11		
1524	15.2400		12		
1525	15.2500		12		
1526	15.2600		12		
1527	15.2700		13		
1528	15.2800		13		
1529	15.2900		14		
1530	15.3000		14		
1531	15.3100		14		
1532	15.3200		14		
1533	15.3300		14		
1534	15.3400		14		
1535	15.3500		14		
1536	15.3600		13		
1537	15.3700		13		
1538	15.3800		12		
1539	15.3900		12		
1540	15.4000		11		
1541	15.4100		11		
1542	15.4200		10		
1543	15.4300		10		
1544	15.4400		8		
1545	15.4500		8		
1546	15.4600		7		
1547	15.4700		6		
1548	15.4800		5		
1549	15.4900		4		
1550	15.5000		3		
1551	15.5100		2		
1552	15.5200		1		
1553	15.5300		0		
1554	15.5400		-2		
1555	15.5500		-2		
1556	15.5600		-4		
1557	15.5700		-5		
1558	15.5800		-6		
1559	15.5900		-7		
1560	15.6000		-8		
1561	15.6100		-9		
1562	15.6200		-10		
1563	15.6300		-12		
1564	15.6400		-12		
1565	15.6500		-14		
1566	15.6600		-14		
1567	15.6700		-16		
1568	15.6800		-16		
1569	15.6900		-17		
1570	15.7000		-18		
1571	15.7100		-19		
1572	15.7200		-20		
1573	15.7300		-20		
1574	15.7400		-21		
1575	15.7500		-21		
1576	15.7600		-22		
1577	15.7700		-22		
1578	15.7800		-22		
1579	15.7900		-23		
1580	15.8000		-23		
1581	15.8100		-23		
1582	15.8200		-23		
1583	15.8300		-23		
1584	15.8400		-23		
1585	15.8500		-23		
1586	15.8600		-23		
1587	15.8700		-22		
1588	15.8800		-22		
1589	15.8900		-22		
1590	15.9000		-21		
1591	15.9100		-21		
1592	15.9200		-20		
1593	15.9300		-19		
1594	15.9400		-19		
1595	15.9500		-18		
1596	15.9600		-17		
1597	15.9700		-16		
1598	15.9800		-15		
1599	15.9900		-14		
1600	16.0000		-14		
1601	16.0100		-12		
1602	16.0200		-12		
1603	16.0300		-10		
1604	16.0400		-9		
1605	16.0500		-8		
1606	16.0600		-7		
1607	16.0700		-6		
1608	16.0800		-5		
1609	16.0900		-4		
1610	16.1000		-3		
1611	16.1100		-2		
1612	16.1200		-1		
1613	16.1300		0		
1614	16.1400		1		
1615	16.1500		2		
1616	16.1600		3		
1617	16.1700		4		
1618	16.1800		5		
1619	16.1900		6		
1620	16.2000		6		
1621	16.2100		8		
1622	16.2200		8		
1623	16.2300		9		
1624	16.2400		9		
1625	16.2500		10		
1626	16.2600		10		
1627	16.2700		11		
1628	16.2800		11		
1629	16.2900		11		
1630	16.3000		12		
1631	16.3100		12		
1632	16.3200		12		
1633	16.3300		12		
1634	16.3400		12		
1635	16.3500		12		
1636	16.3600		12		
1637	16.3700		11		
1638	16.3800		11		
1639	16.3900		10		
1640	16.4000		10		
1641	16.4100		10		
1642	16.4200		9		
1643	16.4300		8		
1644	16.4400		8		
1645	16.4500		7		
1646	16.4600		6		
1647	16.4700		6		
1648	16.4800		5		
1649	16.4900		4		
1650	16.5000		3		
1651	16.5100		2		
1652	16.5200		1		
1653	16.5300		0		
1654	16.5400		-1		
1655	16.5500		-2		
1656	16.5600		-3		
1657	16.5700		-4		
1658	16.5800		-5		
1659	16.5900		-6		
1660	16.6000		-7		
1661	16.6100		-8		
1662	16.6200		-9		
1663	16.6300		-10		
1664	16.6400		-11		
1665	16.6500		-12		
1666	16.6600		-13		
1667	16.6700		-14		
1668	16.6800		-15		
1669	16.6900		-16		
1670	16.7000		-16		
1671	16.7100		-17		
1672	16.7200		-18		
1673	16.7300		-18		
1674	16.7400		-19		
1675	16.7500		-19		
1676	16.7600		-20		
1677	16.7700		-20		
1678	16.7800		-20		
1679	16.7900		-21		
1680	16.8000		-21		
1681	16.8100		-21		
1682	16.8200		-21		
1683	16.8300		-22		
1684	16.8400		-21		
1685	16.8500		-21		
1686	16.8600		-21		
1687	16.8700		-21		
1688	16.8800		-21		
1689	16.8900		-20		
1690	16.9000		-20		
1691	16.9100		-20		
1692	16.9200		-19		
1693	16.9300		-18		
1694	16.9400		-18		
1695	16.9500		-17		
1696	16.9600		-16		
1697	16.9700		-16		
1698	16.9800		-15		
1699	16.9900		-14		
1700	17.0000		-14		
1701	17.0100		-12		
1702	17.0200		-12		
1703	17.0300		-11		
1704	17.0400		-10		
1705	17.0500		-9		
1706	17.0600		-8		
1707	17.0700		-7		
1708	17.0800		-6		
1709	17.0900		-5		
1710	17.1000		-4		
1711	17.1100		-3		
1712	17.1200		-2		
1713	17.1300		-1		
1714	17.1400		0		
1715	17.1500		1		
1716	17.1600		2		
1717	17.1700		2		
1718	17.1800		4		
1719	17.1900		4		
1720	17.2000		5		
1721	17.2100		6		
1722	17.2200		6		
1723	17.2300		7		
1724	17.2400		8		
1725	17.2500		8		
1726	17.2600		8		
1727	17.2700		9		
1728	17.2800		9		
1729	17.2900		10		
1730	17.3000		10		
1731	17.3100		10		
1732	17.3200		10		
1733	17.3300		10		
1734	17.3400		10		
1735	17.3500		10		
1736	17.3600		10		
1737	17.3700		10		
1738	17.3800		10		
1739	17.3900		10		
1740	17.4000		9		
1741	17.4100		9		
1742	17.4200		8		
1743	17.4300		8		
1744	17.4400		7		
1745	17.4500		6		
1746	17.4600		6		
1747	17.4700		5		
1748	17.4800		4		
1749	17.4900		4		
1750	17.5000		3		
1751	17.5100		2		
1752	17.5200		1		
1753	17.5300		0		
1754	17.5400		0		
1755	17.5500		-1		
1756	17.5600		-2		
1757	17.5700		-3		
1758	17.5800		-4		
1759	17.5900		-5		
1760	17.6000		-6		
1761	17.6100		-7		
1762	17.6200		-8		
1763	17.6300		-9		
1764	17.6400		-10		
1765	17.6500		-10		
1766	17.6600		-11		
1767	17.6700		-12		
1768	17.6800		-13		
1769	17.6900		-14		
1770	17.7000		-14		
1771	17.7100		-15		
1772	17.7200		-16		
1773	17.7300		-16		
1774	17.7400		-17		
1775	17.7500		-18		
1776	17.7600		-18		
1777	17.7700		-18		
1778	17.7800		-19		
1779	17.7900		-19		
1780	17.8000		-20		
1781	17.8100		-20		
1782	17.8200		-20		
1783	17.8300		-20		
1784	17.8400		-20		
1785	17.8500		-20		
1786	17.8600		-20		
1787	17.8700		-20		
1788	17.8800		-20		
1789	17.8900		-19		
1790	17.9000		-19		
1791	17.9100		-18		
1792	17.9200		-18		
1793	17.9300		-18		
1794	17.9400		-17		
1795	17.9500		-17		
1796	17.9600		-16		
1797	17.9700		-16		
1798	17.9800		-15		
1799	17.9900		-14		
1800	18.0000		-14		
1801	18.0100		-13		
1802	18.0200		-12		
1803	18.0300		-11		
1804	18.0400		-10		
1805	18.0500		-9		
1806	18.0600		-8		
1807	18.0700		-8		
1808	18.0800		-7		
1809	18.0900		-6		
1810	18.1000		-5		
1811	18.1100		-4		
1812	18.1200		-3		
1813	18.1300		-2		
1814	18.1400		-2		
1815	18.1500		0		
1816	18.1600		0		
1817	18.1700		1		
1818	18.1800		2		
1819	18.1900		2		
1820	18.2000		3		
1821	18.2100		4		
1822	18.2200		4		
1823	18.2300		5		
1824	18.2400		6		
1825	18.2500		6		
1826	18.2600		7		
1827	18.2700		7		
1828	18.2800		8		
1829	18.2900		8		
1830	18.3000		8		
1831	18.3100		8		
1832	18.3200		8		
1833	18.3300		9		
1834	18.3400		9		
1835	18.3500		9		
1836	18.3600		9		
1837	18.3700		8		
1838	18.3800		8		
1839	18.3900		8		
1840	18.4000		8		
1841	18.4100		8		
1842	18.4200		7		
1843	18.4300		7		
1844	18.4400		6		
1845	18.4500		6		
1846	18.4600		6		
1847	18.4700		5		
1848	18.4800		4		
1849	18.4900		4		
1850	18.5000		3		
1851	18.5100		2		
1852	18.5200		2		
1853	18.5300		1		
1854	18.5400		0		
1855	18.5500		-1		
1856	18.5600		-2		
1857	18.5700		-2		
1858	18.5800		-3		
1859	18.5900		-4		
1860	18.6000		-5		
1861	18.6100		-6		
1862	18.6200		-7		
1863	18.6300		-8		
1864	18.6400		-8		
1865	18.6500		-9		
1866	18.6600		-10		
1867	18.6700		-11		
1868	18.6800		-12		
1869	18.6900		-12		
1870	18.7000		-13		
1871	18.7100		-14		
1872	18.7200		-14		
1873	18.7300		-15		
1874	18.7400		-15		
1875	18.7500		-16		
1876	18.7600		-16		
1877	18.7700		-17		
1878	18.7800		-17		
1879	18.7900		-18		
1880	18.8000		-18		
1881	18.8100		-18		
1882	18.8200		-18		
1883	18.8300		-18		
1884	18.8400		-18		
1885	18.8500		-18		
1886	18.8600		-18		
1887	18.8700		-18		
1888	18.8800		-18		
1889	18.8900		-18		
1890	18.9000		-18		
1891	18.9100		-18		
1892	18.9200		-17		
1893	18.9300		-17		
1894	18.9400		-16		
1895	18.9500		-16		
1896	18.9600		-16		
1897	18.9700		-15		
1898	18.9800		-14		
1899	18.9900		-14		
1900	19.0000		-13		
1901	19.0100		-12		
1902	19.0200		-12		
1903	19.0300		-11		
1904	19.0400		-10		
1905	19.0500		-10		
1906	19.0600		-9		
1907	19.0700		-8		
1908	19.0800		-7		
1909	19.0900		-6		
1910	19.1000		-6		
1911	19.1100		-5		
1912	19.1200		-4		
1913	19.1300		-3		
1914	19.1400		-2		
1915	19.1500		-2		
1916	19.1600		-1		
1917	19.1700		0		
1918	19.1800		0		
1919	19.1900		1		
1920	19.2000		2		
1921	19.2100		3		
1922	19.2200		3		
1923	19.2300		4		
1924	19.2400		4		
1925	19.2500		5		
1926	19.2600		5		
1927	19.2700		6		
1928	19.2800		6		
1929	19.2900		6		
1930	19.3000		7		
1931	19.3100		7		
1932	19.3200		7		
1933	19.3300		8		
1934	19.3400		8		
1935	19.3500		8		
1936	19.3600		8		
1937	19.3700		8		
1938	19.3800		8		
1939	19.3900		7		
1940	19.4000		7		
1941	19.4100		7		
1942	19.4200		6		
1943	19.4300		6		
1944	19.4400		6		
1945	19.4500		6		
1946	19.4600		5		
1947	19.4700		4		
1948	19.4800		4		
1949	19.4900		3		
1950	19.5000		3		
1951	19.5100		2		
1952	19.5200		2		
1953	19.5300		1		
1954	19.5400		0		
1955	19.5500		-1		
1956	19.5600		-1		
1957	19.5700		-2		
1958	19.5800		-3		
1959	19.5900		-4		
1960	19.6000		-4		
1961	19.6100		-5		
1962	19.6200		-6		
1963	19.6300		-7		
1964	19.6400		-8		
1965	19.6500		-8		
1966	19.6600		-9		
1967	19.6700		-10		
1968	19.6800		-10		
1969	19.6900		-11		
1970	19.7000		-12		
1971	19.7100		-12		
1972	19.7200		-13		
1973	19.7300		-14		
1974	19.7400		-14		
1975	19.7500		-15		
1976	19.7600		-15		
1977	19.7700		-16		
1978	19.7800		-16		
1979	19.7900		-16		
1980	19.8000		-16		
1981	19.8100		-17		
1982	19.8200		-17		
1983	19.8300		-17		
1984	19.8400		-17		
1985	19.8500		-17		
1986	19.8600		-17		
1987	19.8700		-17		
1988	19.8800		-17		
1989	19.8900		-17		
1990	19.9000		-17		
1991	19.9100		-17		
1992	19.9200		-16		
1993	19.9300		-16		
1994	19.9400		-16		
1995	19.9500		-16		
1996	19.9600		-15		
1997	19.9700		-14		
1998	19.9800		-14		
1999	19.9900		-14		
2000	20.0000		-13		
2001	20.0100		-12		
2002	20.0200		-12		
2003	20.0300		-11		
2004	20.0400		-10		
2005	20.0500		-10		
2006	20.0600		-9		
2007	20.0700		-8		
2008	20.0800		-8		
2009	20.0900		-7		
2010	20.1000		-6		
2011	20.1100		-6		
2012	20.1200		-5		
2013	20.1300		-4		
2014	20.1400		-3		
2015	20.1500		-2		
2016	20.1600		-2		
2017	20.1700		-1		
2018	20.1800		0		
2019	20.1900		0		
2020	20.2000		1		
2021	20.2100		2		
2022	20.2200		2		
2023	20.2300		2		
2024	20.2400		3		
2025	20.2500		4		
2026	20.2600		4		
2027	20.2700		4		
2028	20.2800		5		
2029	20.2900		5		
2030	20.3000		6		
2031	20.3100		6		
2032	20.3200		6		
2033	20.3300		6		
2034	20.3400		6		
2035	20.3500		6		
2036	20.3600		6		
2037	20.3700		6		
2038	20.3800		6		
2039	20.3900		6		
2040	20.4000		6		
2041	20.4100		6		
2042	20.4200		6		
2043	20.4300		6		
2044	20.4400		5		
2045	20.4500		5		
2046	20.4600		5		
2047	20.4700		4		
2048	20.4800		4		
2049	20.4900		3		
2050	20.5000		3		
2051	20.5100		2		
2052	20.5200		2		
2053	20.5300		1		
2054	20.5400		0		
2055	20.5500		0		
2056	20.5600		-1		
2057	20.5700		-2		
2058	20.5800		-2		
2059	20.5900		-3		
2060	20.6000		-4		
2061	20.6100		-4		
2062	20.6200		-5		
2063	20.6300		-6		
2064	20.6400		-6		
2065	20.6500		-7		
2066	20.6600		-8		
2067	20.6700		-8		
2068	20.6800		-9		
2069	20.6900		-10		
2070	20.7000		-10		
2071	20.7100		-11		
2072	20.7200		-12		
2073	20.7300		-12		
2074	20.7400		-12		
2075	20.7500		-13		
2076	20.7600		-14		
2077	20.7700		-14		
2078	20.7800		-14		
2079	20.7900		-15		
2080	20.8000		-15		
2081	20.8100		-15		
2082	20.8200		-16		
2083	20.8300		-16		
2084	20.8400		-16		
2085	20.8500		-16		
2086	20.8600		-16		
2087	20.8700		-16		
2088	20.8800		-16		
2089	20.8900		-16		
2090	20.9000		-16		
2091	20.9100		-16		
2092	20.9200		-16		
2093	20.9300		-16		
2094	20.9400		-15		
2095	20.9500		-15		
2096	20.9600		-14		
2097	20.9700		-14		
2098	20.9800		-14		
2099	20.9900		-13		
2100	21.0000		-13		
2101	21.0100		-12		
2102	21.0200		-12		
2103	21.0300		-11		
2104	21.0400		-11		
2105	21.0500		-10		
2106	21.0600		-10		
2107	21.0700		-9		
2108	21.0800		-8		
2109	21.0900		-8		
2110	21.1000		-7		
2111	21.1100		-6		
2112	21.1200		-6		
2113	21.1300		-5		
2114	21.1400		-4		
2115	21.1500		-4		
2116	21.1600		-3		
2117	21.1700		-2		
2118	21.1800		-2		
2119	21.1900		-1		
2120	21.2000		0		
2121	21.2100		0		
2122	21.2200		1		
2123	21.2300		1		
2124	21.2400		2		
2125	21.2500		2		
2126	21.2600		3		
2127	21.2700		3		
2128	21.2800		4		
2129	21.2900		4		
2130	21.3000		4		
2131	21.3100		4		
2132	21.3200		5		
2133	21.3300		5		
2134	21.3400		5		
2135	21.3500		5		
2136	21.3600		5		
2137	21.3700		5		
2138	21.3800		5		
2139	21.3900		5		
2140	21.4000		5		
2141	21.4100		5		
2142	21.4200		5		
2143	21.4300		5		
2144	21.4400		4		
2145	21.4500		4		
2146	21.4600		4		
2147	21.4700		4		
2148	21.4800		3		
2149	21.4900		3		
2150	21.5000		2		
2151	21.5100		2		
2152	21.5200		2		
2153	21.5300		1		
2154	21.5400		0		
2155	21.5500		0		
2156	21.5600		-1		
2157	21.5700		-1		
2158	21.5800		-2		
2159	21.5900		-2		
2160	21.6000		-3		
2161	21.6100		-4		
2162	21.6200		-4		
2163	21.6300		-5		
2164	21.6400		-6		
2165	21.6500		-6		
2166	21.6600		-7		
2167	21.6700		-8		
2168	21.6800		-8		
2169	21.6900		-9		
2170	21.7000		-9		
2171	21.7100		-10		
2172	21.7200		-10		
2173	21.7300		-11		
2174	21.7400		-12		
2175	21.7500		-12		
2176	21.7600		-12		
2177	21.7700		-13		
2178	21.7800		-13		
2179	21.7900		-14		
2180	21.8000		-14		
2181	21.8100		-14		
2182	21.8200		-14		
2183	21.8300		-14		
2184	21.8400		-15		
2185	21.8500		-15		
2186	21.8600		-15		
2187	21.8700		-15		
2188	21.8800		-15		
2189	21.8900		-15		
2190	21.9000		-15		
2191	21.9100		-15		
2192	21.9200		-15		
2193	21.9300		-14		
2194	21.9400		-14		
2195	21.9500		-14		
2196	21.9600		-14		
2197	21.9700		-14		
2198	21.9800		-13		
2199	21.9900		-13		
2200	22.0000		-12		
2201	22.0100		-12		
2202	22.0200		-12		
2203	22.0300		-11		
2204	22.0400		-10		
2205	22.0500		-10		
2206	22.0600		-10		
2207	22.0700		-9		
2208	22.0800		-8		
2209	22.0900		-8		
2210	22.1000		-7		
2211	22.1100		-6		
2212	22.1200		-6		
2213	22.1300		-5		
2214	22.1400		-5		
2215	22.1500		-4		
2216	22.1600		-4		
2217	22.1700		-3		
2218	22.1800		-2		
2219	22.1900		-2		
2220	22.2000		-1		
2221	22.2100		-1		
2222	22.2200		0		
2223	22.2300		0		
2224	22.2400		1		
2225	22.2500		1		
2226	22.2600		2		
2227	22.2700		2		
2228	22.2800		2		
2229	22.2900		3		
2230	22.3000		3		
2231	22.3100		3		
2232	22.3200		4		
2233	22.3300		4		
2234	22.3400		4		
2235	22.3500		4		
2236	22.3600		4		
2237	22.3700		4		
2238	22.3800		4		
2239	22.3900		4		
2240	22.4000		4		
2241	22.4100		4		
2242	22.4200		4		
2243	22.4300		4		
2244	22.4400		4		
2245	22.4500		4		
2246	22.4600		3		
2247	22.4700		3		
2248	22.4800		2		
2249	22.4900		2		
2250	22.5000		2		
2251	22.5100		2		
2252	22.5200		1		
2253	22.5300		0		
2254	22.5400		0		
2255	22.5500		0		
2256	22.5600		-1		
2257	22.5700		-1		
2258	22.5800		-2		
2259	22.5900		-2		
2260	22.6000		-3		
2261	22.6100		-4		
2262	22.6200		-4		
2263	22.6300		-5		
2264	22.6400		-5		
2265	22.6500		-6		
2266	22.6600		-6		
2267	22.6700		-7		
2268	22.6800		-8		
2269	22.6900		-8		
2270	22.7000		-8		
2271	22.7100		-9		
2272	22.7200		-10		
2273	22.7300		-10		
2274	22.7400		-10		
2275	22.7500		-11		
2276	22.7600		-11		
2277	22.7700		-12		
2278	22.7800		-12		
2279	22.7900		-12		
2280	22.8000		-13		
2281	22.8100		-13		
2282	22.8200		-13		
2283	22.8300		-14		
2284	22.8400		-14		
2285	22.8500		-14		
2286	22.8600		-14		
2287	22.8700		-14		
2288	22.8800		-14		
2289	22.8900		-14		
2290	22.9000		-14		
2291	22.9100		-14		
2292	22.9200		-14		
2293	22.9300		-14		
2294	22.9400		-14		
2295	22.9500		-14		
2296	22.9600		-13		
2297	22.9700		-13		
2298	22.9800		-13		
2299	22.9900		-12		
2300	23.0000		-12		
2301	23.0100		-12		
2302	23.0200		-12		
2303	23.0300		-11		
2304	23.0400		-10		
2305	23.0500		-10		
2306	23.0600		-10		
2307	23.0700		-9		
2308	23.0800		-9		
2309	23.0900		-8		
2310	23.1000		-8		
2311	23.1100		-7		
2312	23.1200		-7		
2313	23.1300		-6		
2314	23.1400		-6		
2315	23.1500		-5		
2316	23.1600		-4		
2317	23.1700		-4		
2318	23.1800		-4		
2319	23.1900		-3		
2320	23.2000		-2		
2321	23.2100		-2		
2322	23.2200		-2		
2323	23.2300		-1		
2324	23.2400		0		
2325	23.2500		0		
2326	23.2600		0		
2327	23.2700		1		
2328	23.2800		1		
2329	23.2900		2		
2330	23.3000		2		
2331	23.3100		2		
2332	23.3200		2		
2333	23.3300		2		
2334	23.3400		3		
2335	23.3500		3		
2336	23.3600		3		
2337	23.3700		3		
2338	23.3800		3		
2339	23.3900		3		
2340	23.4000		3		
2341	23.4100		3		
2342	23.4200		3		
2343	23.4300		3		
2344	23.4400		3		
2345	23.4500		3		
2346	23.4600		3		
2347	23.4700		2		
2348	23.4800		2		
2349	23.4900		2		
2350	23.5000		2		
2351	23.5100		1		
2352	23.5200		1		
2353	23.5300		0		
2354	23.5400		0		
2355	23.5500		0		
2356	23.5600		-1		
2357	23.5700		-1		
2358	23.5800		-2		
2359	23.5900		-2		
2360	23.6000		-2		
2361	23.6100		-3		
2362	23.6200		-4		
2363	23.6300		-4		
2364	23.6400		-5		
2365	23.6500		-5		
2366	23.6600		-6		
2367	23.6700		-6		
2368	23.6800		-7		
2369	23.6900		-7		
2370	23.7000		-8		
2371	23.7100		-8		
2372	23.7200		-8		
2373	23.7300		-9		
2374	23.7400		-10		
2375	23.7500		-10		
2376	23.7600		-10		
2377	23.7700		-11		
2378	23.7800		-11		
2379	23.7900		-12		
2380	23.8000		-12		
2381	23.8100		-12		
2382	23.8200		-12		
2383	23.8300		-12		
2384	23.8400		-13		
2385	23.8500		-13		
2386	23.8600		-13		
2387	23.8700		-13		
2388	23.8800		-13		
2389	23.8900		-13		
2390	23.9000		-13		
2391	23.9100		-13		
2392	23.9200		-13		
2393	23.9300		-13		
2394	23.9400		-13		
2395	23.9500		-13		
2396	23.9600		-13		
2397	23.9700		-12		
2398	23.9800		-12		
2399	23.9900		-12		
2400	24.0000		-12		
2401	24.0100		-12		
2402	24.0200		-11		
2403	24.0300		-11		
2404	24.0400		-10		
2405	24.0500		-10		
2406	24.0600		-10		
2407	24.0700		-9		
2408	24.0800		-9		
2409	24.0900		-8		
2410	24.1000		-8		
2411	24.1100		-8		
2412	24.1200		-7		
2413	24.1300		-6		
2414	24.1400		-6		
2415	24.1500		-6		
2416	24.1600		-5		
2417	24.1700		-4		
2418	24.1800		-4		
2419	24.1900		-4		
2420	24.2000		-3		
2421	24.2100		-3		
2422	24.2200		-2		
2423	24.2300		-2		
2424	24.2400		-1		
2425	24.2500		-1		
2426	24.2600		0		
2427	24.2700		0		
2428	24.2800		0		
2429	24.2900		0		
2430	24.3000		1		
2431	24.3100		1		
2432	24.3200		2		
2433	24.3300		2		
2434	24.3400		2		
2435	24.3500		2		
2436	24.3600		2		
2437	24.3700		2		
2438	24.3800		2		
2439	24.3900		2		
2440	24.4000		2		
2441	24.4100		2		
2442	24.4200		2		
2443	24.4300		2		
2444	24.4400		2		
2445	24.4500		2		
2446	24.4600		2		
2447	24.4700		2		
2448	24.4800		2		
2449	24.4900		2		
2450	24.5000		1		
2451	24.5100		1		
2452	24.5200		1		
2453	24.5300		0		
2454	24.5400		0		
2455	24.5500		0		
2456	24.5600		-1		
2457	24.5700		-1		
2458	24.5800		-2		
2459	24.5900		-2		
2460	24.6000		-2		
2461	24.6100		-3		
2462	24.6200		-3		
2463	24.6300		-4		
2464	24.6400		-4		
2465	24.6500		-5		
2466	24.6600		-5		
2467	24.6700		-6		
2468	24.6800		-6		
2469	24.6900		-6		
2470	24.7000		-7		
2471	24.7100		-8		
2472	24.7200		-8		
2473	24.7300		-8		
2474	24.7400		-9		
2475	24.7500		-9		
2476	24.7600		-10		
2477	24.7700		-10		
2478	24.7800		-10		
2479	24.7900		-10		
2480	24.8000		-11		
2481	24.8100		-11		
2482	24.8200		-11		
2483	24.8300		-12		
2484	24.8400		-12		
2485	24.8500		-12		
2486	24.8600		-12		
2487	24.8700		-12		
2488	24.8800		-12		
2489	24.8900		-12		
2490	24.9000		-12		
2491	24.9100		-12		
2492	24.9200		-12		
2493	24.9300		-12		
2494	24.9400		-12		
2495	24.9500		-12		
2496	24.9600		-12		
2497	24.9700		-12		
2498	24.9800		-12		
2499	24.9900		-12		
2500	25.0000		-12		
