#	time(s)	count A	count B	count C	count D
1	0.0100		81	73	
2	0.0200		82	73	
3	0.0300		84	73	
4	0.0400		84	73	
5	0.0500		86	73	
6	0.0600		86	73	
7	0.0700		86	73	
8	0.0800		86	72	
9	0.0900		86	72	
10	0.1000		86	72	
11	0.1100		86	71	
12	0.1200		85	70	
13	0.1300		84	70	
14	0.1400		83	69	
15	0.1500		81	68	
16	0.1600		80	67	
17	0.1700		78	66	
18	0.1800		76	65	
19	0.1900		74	64	
20	0.2000		72	62	
21	0.2100		69	61	
22	0.2200		66	60	
23	0.2300		64	58	
24	0.2400		60	56	
25	0.2500		58	54	
26	0.2600		54	52	
27	0.2700		51	50	
28	0.2800		48	48	
29	0.2900		44	46	
30	0.3000		40	44	
31	0.3100		37	41	
32	0.3200		33	39	
33	0.3300		30	36	
34	0.3400		26	34	
35	0.3500		22	30	
36	0.3600		18	28	
37	0.3700		14	24	
38	0.3800		11	22	
39	0.3900		7	18	
40	0.4000		4	15	
41	0.4100		0	12	
42	0.4200		-4	8	
43	0.4300		-7	4	
44	0.4400		-11	1	
45	0.4500		-14	-3	
46	0.4600		-17	-6	
47	0.4700		-20	-10	
48	0.4800		-24	-14	
49	0.4900		-27	-18	
50	0.5000		-30	-22	
51	0.5100		-32	-25	
52	0.5200		-35	-29	
53	0.5300		-38	-33	
54	0.5400		-40	-36	
55	0.5500		-43	-40	
56	0.5600		-45	-44	
57	0.5700		-47	-47	
58	0.5800		-50	-50	
59	0.5900		-52	-54	
60	0.6000		-53	-57	
61	0.6100		-55	-60	
62	0.6200		-57	-63	
63	0.6300		-58	-66	
64	0.6400		-60	-69	
65	0.6500		-62	-71	
66	0.6600		-63	-74	
67	0.6700		-64	-76	
68	0.6800		-66	-78	
69	0.6900		-67	-80	
70	0.7000		-68	-81	
71	0.7100		-69	-82	
72	0.7200		-70	-84	
73	0.7300		-70	-84	
74	0.7400		-71	-85	
75	0.7500		-72	-86	
76	0.7600		-72	-86	
77	0.7700		-73	-86	
78	0.7800		-73	-86	
79	0.7900		-73	-86	
80	0.8000		-74	-85	
81	0.8100		-74	-84	
82	0.8200		-74	-83	
83	0.8300		-74	-82	
84	0.8400		-73	-80	
85	0.8500		-73	-79	
86	0.8600		-72	-77	
87	0.8700		-72	-75	
88	0.8800		-71	-73	
89	0.8900		-70	-71	
90	0.9000		-70	-69	
91	0.9100		-68	-66	
92	0.9200		-67	-64	
93	0.9300		-66	-61	
94	0.9400		-64	-58	
95	0.9500		-62	-55	
96	0.9600		-61	-52	
97	0.9700		-59	-49	
98	0.9800		-57	-46	
99	0.9900		-54	-43	
100	1.0000		-52	-40	
101	1.0100		-50	-36	
102	1.0200		-47	-33	
103	1.0300		-44	-30	
104	1.0400		-41	-26	
105	1.0500		-38	-23	
106	1.0600		-35	-20	
107	1.0700		-32	-16	
108	1.0800		-28	-13	
109	1.0900		-25	-10	
110	1.1000		-21	-7	
111	1.1100		-18	-4	
112	1.1200		-14	-1	
113	1.1300		-10	2	
114	1.1400		-6	6	
115	1.1500		-2	8	
116	1.1600		2	11	
117	1.1700		6	14	
118	1.1800		10	17	
119	1.1900		14	20	
120	1.2000		18	22	
121	1.2100		22	25	
122	1.2200		26	28	
123	1.2300		30	30	
124	1.2400		34	33	
125	1.2500		38	35	
126	1.2600		42	38	
127	1.2700		45	40	
128	1.2800		49	42	
129	1.2900		52	44	
130	1.3000		55	46	
131	1.3100		58	48	
132	1.3200		61	50	
133	1.3300		64	52	
134	1.3400		67	54	
135	1.3500		69	56	
136	1.3600		71	58	
137	1.3700		73	60	
138	1.3800		75	62	
139	1.3900		77	64	
140	1.4000		78	65	
141	1.4100		80	66	
142	1.4200		80	68	
143	1.4300		81	69	
144	1.4400		82	70	
145	1.4500		82	72	
146	1.4600		82	72	
147	1.4700		82	74	
148	1.4800		82	74	
149	1.4900		82	75	
150	1.5000		82	76	
151	1.5100		81	76	
152	1.5200		80	76	
153	1.5300		79	76	
154	1.5400		78	76	
155	1.5500		76	76	
156	1.5600		74	76	
157	1.5700		73	76	
158	1.5800		71	75	
159	1.5900		69	74	
160	1.6000		67	73	
161	1.6100		65	72	
162	1.6200		63	71	
163	1.6300		60	69	
164	1.6400		58	68	
165	1.6500		56	66	
166	1.6600		53	64	
167	1.6700		50	62	
168	1.6800		48	60	
169	1.6900		45	57	
170	1.7000		42	55	
171	1.7100		40	52	
172	1.7200		37	49	
173	1.7300		34	46	
174	1.7400		31	43	
175	1.7500		28	40	
176	1.7600		26	36	
177	1.7700		23	32	
178	1.7800		20	28	
179	1.7900		17	25	
180	1.8000		14	21	
181	1.8100		12	17	
182	1.8200		9	13	
183	1.8300		6	9	
184	1.8400		3	5	
185	1.8500		0	1	
186	1.8600		-2	-3	
187	1.8700		-5	-7	
188	1.8800		-8	-12	
189	1.8900		-10	-16	
190	1.9000		-13	-20	
191	1.9100		-16	-24	
192	1.9200		-18	-28	
193	1.9300		-21	-31	
194	1.9400		-24	-35	
195	1.9500		-27	-38	
196	1.9600		-29	-42	
197	1.9700		-32	-45	
198	1.9800		-34	-48	
199	1.9900		-37	-52	
200	2.0000		-40	-54	
201	2.0100		-42	-58	
202	2.0200		-45	-60	
203	2.0300		-48	-62	
204	2.0400		-50	-65	
205	2.0500		-52	-67	
206	2.0600		-54	-69	
207	2.0700		-57	-70	
208	2.0800		-59	-72	
209	2.0900		-61	-73	
210	2.1000		-64	-74	
211	2.1100		-66	-76	
212	2.1200		-68	-76	
213	2.1300		-69	-77	
214	2.1400		-71	-78	
215	2.1500		-72	-78	
216	2.1600		-74	-78	
217	2.1700		-76	-78	
218	2.1800		-76	-78	
219	2.1900		-78	-77	
220	2.2000		-78	-77	
221	2.2100		-80	-76	
222	2.2200		-80	-75	
223	2.2300		-80	-74	
224	2.2400		-81	-74	
225	2.2500		-81	-72	
226	2.2600		-80	-71	
227	2.2700		-80	-70	
228	2.2800		-80	-68	
229	2.2900		-79	-67	
230	2.3000		-78	-65	
231	2.3100		-77	-64	
232	2.3200		-76	-62	
233	2.3300		-74	-60	
234	2.3400		-73	-58	
235	2.3500		-71	-56	
236	2.3600		-69	-54	
237	2.3700		-66	-52	
238	2.3800		-64	-50	
239	2.3900		-61	-48	
240	2.4000		-58	-46	
241	2.4100		-56	-44	
242	2.4200		-52	-41	
243	2.4300		-49	-39	
244	2.4400		-46	-36	
245	2.4500		-42	-34	
246	2.4600		-39	-32	
247	2.4700		-35	-29	
248	2.4800		-32	-27	
249	2.4900		-28	-24	
250	2.5000		-24	-22	
251	2.5100		-20	-19	
252	2.5200		-16	-16	
253	2.5300		-12	-14	
254	2.5400		-8	-11	
255	2.5500		-4	-8	
256	2.5600		0	-5	
257	2.5700		4	-2	
258	2.5800		8	0	
259	2.5900		12	4	
260	2.6000		16	6	
261	2.6100		20	10	
262	2.6200		24	12	
263	2.6300		27	16	
264	2.6400		30	18	
265	2.6500		34	22	
266	2.6600		37	25	
267	2.6700		40	28	
268	2.6800		43	31	
269	2.6900		46	34	
270	2.7000		49	37	
271	2.7100		52	40	
272	2.7200		54	43	
273	2.7300		56	46	
274	2.7400		58	49	
275	2.7500		60	52	
276	2.7600		62	54	
277	2.7700		64	57	
278	2.7800		65	60	
279	2.7900		66	62	
280	2.8000		68	65	
281	2.8100		69	67	
282	2.8200		70	69	
283	2.8300		70	72	
284	2.8400		71	73	
285	2.8500		72	75	
286	2.8600		72	76	
287	2.8700		72	78	
288	2.8800		72	79	
289	2.8900		72	80	
290	2.9000		72	81	
291	2.9100		72	82	
292	2.9200		72	82	
293	2.9300		72	82	
294	2.9400		71	82	
295	2.9500		70	82	
296	2.9600		70	82	
297	2.9700		69	81	
298	2.9800		68	80	
299	2.9900		67	79	
300	3.0000		66	78	
301	3.0100		65	76	
302	3.0200		64	75	
303	3.0300		63	73	
304	3.0400		62	71	
305	3.0500		60	69	
306	3.0600		58	67	
307	3.0700		57	64	
308	3.0800		55	62	
309	3.0900		54	59	
310	3.1000		52	56	
311	3.1100		50	53	
312	3.1200		48	50	
313	3.1300		46	47	
314	3.1400		44	43	
315	3.1500		42	40	
316	3.1600		40	36	
317	3.1700		38	33	
318	3.1800		35	29	
319	3.1900		32	26	
320	3.2000		30	22	
321	3.2100		27	18	
322	3.2200		24	14	
323	3.2300		22	11	
324	3.2400		19	7	
325	3.2500		16	3	
326	3.2600		13	0	
327	3.2700		10	-4	
328	3.2800		7	-8	
329	3.2900		4	-11	
330	3.3000		0	-14	
331	3.3100		-3	-18	
332	3.3200		-6	-21	
333	3.3300		-10	-24	
334	3.3400		-14	-27	
335	3.3500		-17	-30	
336	3.3600		-20	-33	
337	3.3700		-24	-36	
338	3.3800		-27	-38	
339	3.3900		-30	-41	
340	3.4000		-34	-43	
341	3.4100		-38	-46	
342	3.4200		-41	-48	
343	3.4300		-44	-50	
344	3.4400		-47	-52	
345	3.4500		-50	-54	
346	3.4600		-54	-56	
347	3.4700		-56	-57	
348	3.4800		-59	-59	
349	3.4900		-62	-60	
350	3.5000		-64	-62	
351	3.5100		-67	-63	
352	3.5200		-69	-64	
353	3.5300		-71	-65	
354	3.5400		-73	-66	
355	3.5500		-75	-66	
356	3.5600		-77	-67	
357	3.5700		-78	-68	
358	3.5800		-79	-68	
359	3.5900		-80	-69	
360	3.6000		-81	-69	
361	3.6100		-82	-70	
362	3.6200		-82	-70	
363	3.6300		-82	-70	
364	3.6400		-82	-70	
365	3.6500		-82	-70	
366	3.6600		-82	-70	
367	3.6700		-81	-70	
368	3.6800		-80	-69	
369	3.6900		-80	-69	
370	3.7000		-78	-68	
371	3.7100		-77	-68	
372	3.7200		-75	-67	
373	3.7300		-74	-66	
374	3.7400		-72	-65	
375	3.7500		-70	-64	
376	3.7600		-67	-63	
377	3.7700		-65	-62	
378	3.7800		-62	-61	
379	3.7900		-60	-59	
380	3.8000		-57	-58	
381	3.8100		-54	-56	
382	3.8200		-51	-54	
383	3.8300		-48	-52	
384	3.8400		-45	-50	
385	3.8500		-42	-48	
386	3.8600		-38	-46	
387	3.8700		-35	-43	
388	3.8800		-32	-41	
389	3.8900		-29	-38	
390	3.9000		-25	-35	
391	3.9100		-22	-32	
392	3.9200		-18	-30	
393	3.9300		-15	-26	
394	3.9400		-12	-23	
395	3.9500		-9	-20	
396	3.9600		-6	-16	
397	3.9700		-2	-13	
398	3.9800		1	-10	
399	3.9900		4	-6	
400	4.0000		7	-2	
401	4.0100		10	2	
402	4.0200		13	5	
403	4.0300		16	9	
404	4.0400		19	12	
405	4.0500		22	16	
406	4.0600		24	20	
407	4.0700		27	24	
408	4.0800		30	28	
409	4.0900		32	31	
410	4.1000		34	35	
411	4.1100		37	38	
412	4.1200		39	42	
413	4.1300		41	45	
414	4.1400		44	48	
415	4.1500		46	52	
416	4.1600		48	54	
417	4.1700		49	58	
418	4.1800		51	60	
419	4.1900		53	63	
420	4.2000		54	65	
421	4.2100		56	68	
422	4.2200		58	70	
423	4.2300		60	72	
424	4.2400		61	73	
425	4.2500		62	75	
426	4.2600		64	76	
427	4.2700		65	77	
428	4.2800		66	78	
429	4.2900		67	78	
430	4.3000		68	79	
431	4.3100		69	79	
432	4.3200		70	80	
433	4.3300		70	79	
434	4.3400		71	79	
435	4.3500		71	78	
436	4.3600		72	78	
437	4.3700		72	77	
438	4.3800		72	76	
439	4.3900		72	75	
440	4.4000		72	74	
441	4.4100		72	72	
442	4.4200		72	70	
443	4.4300		71	69	
444	4.4400		70	67	
445	4.4500		70	65	
446	4.4600		69	63	
447	4.4700		68	61	
448	4.4800		66	59	
449	4.4900		65	56	
450	4.5000		64	54	
451	4.5100		62	52	
452	4.5200		60	49	
453	4.5300		58	46	
454	4.5400		56	44	
455	4.5500		54	41	
456	4.5600		51	38	
457	4.5700		48	35	
458	4.5800		46	32	
459	4.5900		43	30	
460	4.6000		40	27	
461	4.6100		37	24	
462	4.6200		34	21	
463	4.6300		30	18	
464	4.6400		27	16	
465	4.6500		23	13	
466	4.6600		20	10	
467	4.6700		16	7	
468	4.6800		12	4	
469	4.6900		8	2	
470	4.7000		5	-1	
471	4.7100		1	-4	
472	4.7200		-3	-7	
473	4.7300		-7	-10	
474	4.7400		-10	-12	
475	4.7500		-14	-15	
476	4.7600		-18	-18	
477	4.7700		-22	-20	
478	4.7800		-26	-23	
479	4.7900		-29	-25	
480	4.8000		-33	-28	
481	4.8100		-36	-30	
482	4.8200		-40	-33	
483	4.8300		-43	-35	
484	4.8400		-46	-38	
485	4.8500		-49	-40	
486	4.8600		-52	-42	
487	4.8700		-55	-45	
488	4.8800		-57	-47	
489	4.8900		-60	-49	
490	4.9000		-62	-52	
491	4.9100		-64	-54	
492	4.9200		-66	-56	
493	4.9300		-68	-58	
494	4.9400		-69	-60	
495	4.9500		-71	-62	
496	4.9600		-72	-63	
497	4.9700		-73	-65	
498	4.9800		-74	-66	
499	4.9900		-75	-68	
500	5.0000		-75	-69	
501	5.0100		-76	-70	
502	5.0200		-76	-72	
503	5.0300		-76	-73	
504	5.0400		-76	-74	
505	5.0500		-76	-74	
506	5.0600		-75	-75	
507	5.0700		-74	-76	
508	5.0800		-74	-76	
509	5.0900		-73	-76	
510	5.1000		-72	-76	
511	5.1100		-71	-76	
512	5.1200		-70	-76	
513	5.1300		-68	-75	
514	5.1400		-67	-74	
515	5.1500		-65	-74	
516	5.1600		-64	-72	
517	5.1700		-62	-72	
518	5.1800		-60	-70	
519	5.1900		-58	-68	
520	5.2000		-56	-67	
521	5.2100		-54	-65	
522	5.2200		-52	-63	
523	5.2300		-50	-60	
524	5.2400		-48	-58	
525	5.2500		-46	-56	
526	5.2600		-43	-53	
527	5.2700		-41	-50	
528	5.2800		-39	-47	
529	5.2900		-36	-44	
530	5.3000		-34	-41	
531	5.3100		-32	-37	
532	5.3200		-29	-34	
533	5.3300		-26	-30	
534	5.3400		-24	-27	
535	5.3500		-21	-23	
536	5.3600		-19	-19	
537	5.3700		-16	-16	
538	5.3800		-14	-12	
539	5.3900		-11	-8	
540	5.4000		-8	-4	
541	5.4100		-5	0	
542	5.4200		-2	4	
543	5.4300		0	7	
544	5.4400		3	11	
545	5.4500		6	15	
546	5.4600		9	18	
547	5.4700		12	22	
548	5.4800		14	25	
549	5.4900		17	29	
550	5.5000		20	32	
551	5.5100		23	35	
552	5.5200		26	38	
553	5.5300		29	41	
554	5.5400		32	44	
555	5.5500		34	47	
556	5.5600		37	49	
557	5.5700		40	52	
558	5.5800		43	54	
559	5.5900		46	56	
560	5.6000		48	58	
561	5.6100		51	60	
562	5.6200		53	62	
563	5.6300		56	63	
564	5.6400		58	64	
565	5.6500		60	66	
566	5.6600		62	67	
567	5.6700		64	68	
568	5.6800		66	68	
569	5.6900		68	69	
570	5.7000		70	70	
571	5.7100		72	70	
572	5.7200		73	70	
573	5.7300		74	70	
574	5.7400		76	70	
575	5.7500		76	70	
576	5.7600		77	70	
577	5.7700		78	70	
578	5.7800		78	69	
579	5.7900		78	69	
580	5.8000		78	68	
581	5.8100		78	67	
582	5.8200		78	66	
583	5.8300		78	66	
584	5.8400		77	65	
585	5.8500		76	64	
586	5.8600		75	62	
587	5.8700		74	61	
588	5.8800		72	60	
589	5.8900		70	58	
590	5.9000		69	57	
591	5.9100		67	56	
592	5.9200		64	54	
593	5.9300		62	52	
594	5.9400		60	50	
595	5.9500		57	49	
596	5.9600		54	47	
597	5.9700		51	45	
598	5.9800		48	43	
599	5.9900		45	41	
600	6.0000		42	39	
601	6.0100		38	36	
602	6.0200		35	34	
603	6.0300		32	32	
604	6.0400		28	29	
605	6.0500		25	27	
606	6.0600		21	24	
607	6.0700		18	22	
608	6.0800		14	19	
609	6.0900		10	16	
610	6.1000		7	14	
611	6.1100		3	10	
612	6.1200		-1	8	
613	6.1300		-4	4	
614	6.1400		-8	2	
615	6.1500		-11	-2	
616	6.1600		-14	-5	
617	6.1700		-18	-8	
618	6.1800		-21	-11	
619	6.1900		-24	-14	
620	6.2000		-27	-18	
621	6.2100		-30	-21	
622	6.2200		-33	-24	
623	6.2300		-36	-27	
624	6.2400		-38	-30	
625	6.2500		-41	-34	
626	6.2600		-43	-37	
627	6.2700		-46	-40	
628	6.2800		-48	-43	
629	6.2900		-50	-46	
630	6.3000		-52	-49	
631	6.3100		-53	-52	
632	6.3200		-55	-54	
633	6.3300		-57	-57	
634	6.3400		-58	-60	
635	6.3500		-60	-62	
636	6.3600		-61	-64	
637	6.3700		-62	-67	
638	6.3800		-63	-69	
639	6.3900		-64	-70	
640	6.4000		-65	-72	
641	6.4100		-66	-74	
642	6.4200		-66	-75	
643	6.4300		-67	-76	
644	6.4400		-67	-78	
645	6.4500		-68	-78	
646	6.4600		-68	-79	
647	6.4700		-68	-79	
648	6.4800		-68	-80	
649	6.4900		-68	-80	
650	6.5000		-68	-80	
651	6.5100		-68	-79	
652	6.5200		-68	-78	
653	6.5300		-67	-78	
654	6.5400		-67	-77	
655	6.5500		-66	-76	
656	6.5600		-66	-74	
657	6.5700		-65	-73	
658	6.5800		-64	-71	
659	6.5900		-63	-69	
660	6.6000		-62	-67	
661	6.6100		-61	-65	
662	6.6200		-60	-63	
663	6.6300		-59	-60	
664	6.6400		-57	-58	
665	6.6500		-56	-55	
666	6.6600		-54	-52	
667	6.6700		-52	-50	
668	6.6800		-51	-47	
669	6.6900		-49	-44	
670	6.7000		-47	-40	
671	6.7100		-45	-38	
672	6.7200		-42	-34	
673	6.7300		-40	-31	
674	6.7400		-38	-28	
675	6.7500		-35	-24	
676	6.7600		-32	-21	
677	6.7700		-30	-18	
678	6.7800		-27	-14	
679	6.7900		-24	-11	
680	6.8000		-21	-8	
681	6.8100		-18	-5	
682	6.8200		-14	-2	
683	6.8300		-11	2	
684	6.8400		-8	5	
685	6.8500		-4	8	
686	6.8600		-1	11	
687	6.8700		2	14	
688	6.8800		6	16	
689	6.8900		10	19	
690	6.9000		13	22	
691	6.9100		17	24	
692	6.9200		20	27	
693	6.9300		24	30	
694	6.9400		27	32	
695	6.9500		31	34	
696	6.9600		34	36	
697	6.9700		38	39	
698	6.9800		41	41	
699	6.9900		44	43	
700	7.0000		47	45	
701	7.0100		50	47	
702	7.0200		53	48	
703	7.0300		56	50	
704	7.0400		58	52	
705	7.0500		61	54	
706	7.0600		63	55	
707	7.0700		66	56	
708	7.0800		68	58	
709	7.0900		69	59	
710	7.1000		71	60	
711	7.1100		72	62	
712	7.1200		74	62	
713	7.1300		75	64	
714	7.1400		76	64	
715	7.1500		77	65	
716	7.1600		77	66	
717	7.1700		78	66	
718	7.1800		78	67	
719	7.1900		78	68	
720	7.2000		78	68	
721	7.2100		77	68	
722	7.2200		77	68	
723	7.2300		76	68	
724	7.2400		75	68	
725	7.2500		74	68	
726	7.2600		73	68	
727	7.2700		71	68	
728	7.2800		70	67	
729	7.2900		68	67	
730	7.3000		66	66	
731	7.3100		64	65	
732	7.3200		62	64	
733	7.3300		60	63	
734	7.3400		58	62	
735	7.3500		55	60	
736	7.3600		53	58	
737	7.3700		50	57	
738	7.3800		48	55	
739	7.3900		45	53	
740	7.4000		42	51	
741	7.4100		39	48	
742	7.4200		36	46	
743	7.4300		34	44	
744	7.4400		31	41	
745	7.4500		28	38	
746	7.4600		25	35	
747	7.4700		22	32	
748	7.4800		20	29	
749	7.4900		16	26	
750	7.5000		14	22	
751	7.5100		11	19	
752	7.5200		8	15	
753	7.5300		5	12	
754	7.5400		2	8	
755	7.5500		0	4	
756	7.5600		-3	1	
757	7.5700		-6	-3	
758	7.5800		-8	-6	
759	7.5900		-11	-10	
760	7.6000		-14	-14	
761	7.6100		-16	-18	
762	7.6200		-19	-21	
763	7.6300		-22	-25	
764	7.6400		-24	-28	
765	7.6500		-26	-32	
766	7.6600		-29	-35	
767	7.6700		-31	-38	
768	7.6800		-34	-42	
769	7.6900		-36	-45	
770	7.7000		-38	-48	
771	7.7100		-40	-51	
772	7.7200		-42	-54	
773	7.7300		-44	-56	
774	7.7400		-46	-58	
775	7.7500		-48	-61	
776	7.7600		-50	-63	
777	7.7700		-52	-65	
778	7.7800		-54	-67	
779	7.7900		-56	-68	
780	7.8000		-58	-70	
781	7.8100		-60	-71	
782	7.8200		-61	-72	
783	7.8300		-62	-73	
784	7.8400		-64	-74	
785	7.8500		-65	-74	
786	7.8600		-66	-74	
787	7.8700		-68	-75	
788	7.8800		-69	-75	
789	7.8900		-70	-74	
790	7.9000		-70	-74	
791	7.9100		-71	-74	
792	7.9200		-72	-73	
793	7.9300		-72	-72	
794	7.9400		-72	-72	
795	7.9500		-73	-70	
796	7.9600		-73	-69	
797	7.9700		-72	-68	
798	7.9800		-72	-67	
799	7.9900		-72	-65	
800	8.0000		-71	-64	
801	8.0100		-70	-62	
802	8.0200		-70	-60	
803	8.0300		-68	-58	
804	8.0400		-67	-56	
805	8.0500		-66	-54	
806	8.0600		-64	-52	
807	8.0700		-62	-50	
808	8.0800		-60	-48	
809	8.0900		-58	-46	
810	8.1000		-56	-43	
811	8.1100		-54	-41	
812	8.1200		-51	-39	
813	8.1300		-48	-36	
814	8.1400		-46	-34	
815	8.1500		-42	-32	
816	8.1600		-39	-29	
817	8.1700		-36	-26	
818	8.1800		-33	-24	
819	8.1900		-30	-22	
820	8.2000		-26	-19	
821	8.2100		-22	-16	
822	8.2200		-19	-14	
823	8.2300		-15	-11	
824	8.2400		-12	-8	
825	8.2500		-8	-6	
826	8.2600		-4	-4	
827	8.2700		0	-1	
828	8.2800		4	2	
829	8.2900		7	4	
830	8.3000		11	7	
831	8.3100		15	10	
832	8.3200		18	12	
833	8.3300		22	15	
834	8.3400		25	18	
835	8.3500		28	20	
836	8.3600		32	23	
837	8.3700		35	26	
838	8.3800		38	28	
839	8.3900		41	31	
840	8.4000		44	34	
841	8.4100		47	36	
842	8.4200		49	39	
843	8.4300		52	41	
844	8.4400		54	44	
845	8.4500		56	46	
846	8.4600		58	48	
847	8.4700		60	51	
848	8.4800		62	53	
849	8.4900		63	55	
850	8.5000		64	58	
851	8.5100		66	60	
852	8.5200		67	62	
853	8.5300		68	63	
854	8.5400		68	65	
855	8.5500		69	67	
856	8.5600		70	68	
857	8.5700		70	70	
858	8.5800		70	71	
859	8.5900		70	72	
860	8.6000		70	73	
861	8.6100		70	74	
862	8.6200		70	74	
863	8.6300		69	74	
864	8.6400		68	75	
865	8.6500		68	75	
866	8.6600		67	75	
867	8.6700		66	74	
868	8.6800		65	74	
869	8.6900		64	73	
870	8.7000		63	72	
871	8.7100		62	72	
872	8.7200		60	70	
873	8.7300		59	69	
874	8.7400		58	68	
875	8.7500		56	66	
876	8.7600		55	64	
877	8.7700		53	62	
878	8.7800		51	60	
879	8.7900		50	58	
880	8.8000		48	55	
881	8.8100		46	53	
882	8.8200		44	50	
883	8.8300		42	47	
884	8.8400		40	44	
885	8.8500		38	41	
886	8.8600		36	38	
887	8.8700		34	35	
888	8.8800		31	31	
889	8.8900		29	28	
890	8.9000		26	24	
891	8.9100		24	21	
892	8.9200		22	18	
893	8.9300		19	14	
894	8.9400		16	10	
895	8.9500		14	7	
896	8.9600		11	3	
897	8.9700		8	0	
898	8.9800		6	-4	
899	8.9900		3	-7	
900	9.0000		0	-11	
901	9.0100		-3	-14	
902	9.0200		-6	-18	
903	9.0300		-8	-21	
904	9.0400		-12	-24	
905	9.0500		-14	-27	
906	9.0600		-18	-30	
907	9.0700		-20	-33	
908	9.0800		-24	-36	
909	9.0900		-26	-38	
910	9.1000		-29	-41	
911	9.1100		-32	-43	
912	9.1200		-35	-46	
913	9.1300		-38	-48	
914	9.1400		-41	-50	
915	9.1500		-44	-52	
916	9.1600		-46	-54	
917	9.1700		-49	-55	
918	9.1800		-52	-57	
919	9.1900		-54	-58	
920	9.2000		-57	-60	
921	9.2100		-59	-61	
922	9.2200		-61	-62	
923	9.2300		-64	-63	
924	9.2400		-65	-64	
925	9.2500		-67	-64	
926	9.2600		-69	-65	
927	9.2700		-70	-66	
928	9.2800		-72	-66	
929	9.2900		-73	-66	
930	9.3000		-74	-66	
931	9.3100		-75	-66	
932	9.3200		-76	-66	
933	9.3300		-76	-66	
934	9.3400		-76	-66	
935	9.3500		-76	-66	
936	9.3600		-76	-66	
937	9.3700		-76	-65	
938	9.3800		-76	-65	
939	9.3900		-75	-64	
940	9.4000		-74	-64	
941	9.4100		-74	-63	
942	9.4200		-72	-62	
943	9.4300		-71	-61	
944	9.4400		-69	-60	
945	9.4500		-68	-59	
946	9.4600		-66	-58	
947	9.4700		-64	-56	
948	9.4800		-62	-55	
949	9.4900		-59	-54	
950	9.5000		-57	-52	
951	9.5100		-54	-50	
952	9.5200		-52	-49	
953	9.5300		-49	-47	
954	9.5400		-46	-45	
955	9.5500		-43	-44	
956	9.5600		-40	-42	
957	9.5700		-37	-39	
958	9.5800		-34	-37	
959	9.5900		-30	-35	
960	9.6000		-27	-32	
961	9.6100		-24	-30	
962	9.6200		-20	-27	
963	9.6300		-17	-24	
964	9.6400		-14	-22	
965	9.6500		-11	-19	
966	9.6600		-8	-16	
967	9.6700		-4	-13	
968	9.6800		-1	-10	
969	9.6900		2	-7	
970	9.7000		5	-4	
971	9.7100		8	-1	
972	9.7200		12	2	
973	9.7300		14	6	
974	9.7400		17	9	
975	9.7500		20	12	
976	9.7600		23	16	
977	9.7700		26	19	
978	9.7800		28	22	
979	9.7900		30	25	
980	9.8000		33	28	
981	9.8100		36	32	
982	9.8200		38	35	
983	9.8300		40	38	
984	9.8400		42	41	
985	9.8500		44	44	
986	9.8600		46	47	
987	9.8700		48	50	
988	9.8800		49	52	
989	9.8900		51	55	
990	9.9000		52	58	
991	9.9100		54	60	
992	9.9200		55	62	
993	9.9300		56	64	
994	9.9400		58	66	
995	9.9500		59	68	
996	9.9600		60	69	
997	9.9700		61	70	
998	9.9800		62	72	
999	9.9900		62	73	
1000	10.0000		63	74	
